365
36 49 47 64 0 60 87 58 55 48 16 93 77 38 11 74 54 7 99 66 27 59 65 48 44 29
17083 17815 17808 12314 5088 7464 12888 8880 3393 6805 16131 16223 17649 17508 19083 9926 10691 3931 19451 18676 8745 16132 10451 4357 6349 11218
15971 17723 6419 7496 3678 8812 11648 1239 5756 5612 6917 7605 6168 7337 1644 17802 18994 2294 1592 5243 3361 3711 1127 1888 17615 15039
15635 14993 13065 616 441 19478 14850 11886 9209 6401 12733 14171 12403 1600 13504 11479 7143 10098 11391 12349 9202 9086 17157 13992 1024 3853
14658 10608 14206 16012 10504 10534 3328 19052 10051 14510 10709 14563 13980 14427 10666 15967 5794 873 2369 520 8994 1621 8478 14431 18733 14931
6102 16610 8030 5231 13389 16013 16915 13239 12154 11497 10514 427 12181 1457 18351 15069 2913 3299 2310 11293 19389 8042 13226 16791 9694 8252
1451 8418 14129 9611 4243 8149 9258 19174 10742 7013 16262 16786 18991 2493 19733 7364 12619 2983 8653 5977 2349 13928 2354 19804 16518 18995
7431 3569 9281 4766 8507 6179 10737 12709 14349 432 8623 19219 5633 12605 2008 1020 8250 5063 12595 16947 16543 1173 8917 5896 10514 7985
1472 19433 16375 1591 11702 18377 8401 7458 14645 9072 196 11508 7817 627 15651 2844 15118 17993 13861 19485 11179 7669 3373 10689 15259 13860
6585 9339 17130 5453 18046 15649 18249 19019 19510 18084 3237 2161 8988 15800 7516 5296 5179 11825 15529 17066 7595 19595 9184 6842 3840 6859
16649 8063 1719 14989 11731 8545 13018 2663 16413 107 517 9108 17920 9033 13485 17286 15669 17163 3162 17749 840 8644 4118 10007 3622 9243
3949 6214 8878 7827 638 12519 2961 17941 2293 4167 5036 2238 15339 1149 16343 15384 8941 5927 12300 5144 6168 1925 17756 1239 17736 2478
15915 646 19276 12547 1040 3792 337 16702 1038 7512 15442 7277 3138 3717 7903 3748 14053 2077 17707 8149 9531 8730 2760 10309 14778 4971
5038 4607 5769 18294 8719 9443 19375 17318 4546 18915 7110 6226 14602 7721 16372 4973 4173 6614 15394 7960 4655 18661 2094 19929 7369 16404
4240 772 3103 9041 9009 10736 16149 16491 28 9235 15334 1922 6844 12447 10611 14987 15382 3236 16901 2885 10411 1682 2326 11619 4793 2144
17768 9556 8158 13561 2091 13431 9832 5961 19315 11186 6612 1815 14369 3060 15532 10355 4711 18670 14493 4066 3031 2477 432 9947 7894 8124
1061 14945 17994 1837 9635 3574 13361 6767 6560 8967 995 1810 18576 14552 10791 16558 3697 3970 12138 17333 10903 15566 3939 2661 5193 2196
12120 13029 24 16164 7446 745 17839 12961 11964 3969 13735 10561 3983 3940 19803 19192 7356 7153 15150 19237 19304 18279 11869 16691 2022 12934
16063 2580 17624 11072 16883 15523 7555 15007 19821 17145 13396 3420 17365 17654 6958 11988 15399 15227 10406 16465 6742 18161 16506 6292 5616 17869
19954 1472 13794 11133 3962 11518 5401 5880 13901 16173 3040 1128 12492 13782 19045 7317 14000 10893 17838 13936 19344 13661 18030 14769 13811 2940
9077 4439 11208 2191 17425 8158 5071 7183 7518 4430 6777 693 9002 18810 7202 9157 8844 16576 4650 8486 705 3625 8640 14484 6126 1064
1853 15439 17550 8137 11284 9303 6334 3995 11098 6002 5606 2322 12194 7136 7103 15640 14154 11551 4054 4857 18133 4645 1280 17819 8070 6190
9225 5827 5102 11393 1260 5608 51 4440 2648 9601 9055 1610 6139 4994 9164 18138 2450 9510 6090 1101 2506 12006 9294 5566 4476 12462
1171 15572 10819 9716 19650 1720 8306 12685 18450 13129 1279 7955 12686 10679 8726 7919 6518 17146 4012 7589 10144 15444 371 14328 4533 19725
8469 13530 8836 12047 11739 4794 18228 13178 6591 16690 16132 18495 6910 11094 18023 5432 18603 11133 6752 19803 6176 3195 373 2330 4100 14084
779 2769 5424 2096 13300 14895 6201 198 5047 8102 16927 16149 13139 10709 456 16396 15846 15746 14960 6329 6410 11322 14071 11734 17599 2771
15109 12465 10624 13089 9659 1519 17449 9114 13762 4925 979 3065 18684 9715 8572 19261 17426 10114 4739 10145 18544 12074 14275 16131 17735 1914
8494 10444 2751 5652 3468 17585 8943 17073 11398 5100 3732 8835 17390 4946 11189 3341 3070 988 9469 14158 7361 9945 715 9936 6199 17122
217 5960 3255 4345 2464 18624 14834 13397 1374 12130 14132 1498 10779 4819 14051 11751 19469 15873 10999 4716 3862 8740 5999 15832 5739 10750
10879 2184 15427 3744 2997 1338 17172 18389 3561 2543 729 523 19565 1818 10642 4626 7763 16483 10500 6522 8398 13007 19983 8699 10427 7391
5976 7211 12867 11198 16729 2969 16704 8645 7723 5465 509 6190 15446 3612 10639 16641 10707 933 1223 7925 8974 12674 6863 286 3038 18135
13077 6160 10039 15004 1091 383 15311 4919 6484 9936 13179 3 2783 1733 15810 11028 1274 18761 6380 492 1298 562 4135 1438 1081 1341
9457 5820 2522 4442 18658 17150 11297 3399 6759 12982 6781 7706 1343 14776 10254 6837 3765 458 5091 8112 642 14049 8624 1010 3404 6261
3253 10929 4357 10407 6795 15366 8944 3131 9076 7583 2810 11533 15665 9904 7057 13366 10544 8018 4369 1199 2598 15034 3908 5344 4066 17049
19951 3536 9040 9471 12062 14205 6177 1714 16557 16975 19105 1705 13182 2555 19632 1708 4537 3567 5949 11836 10762 11778 9946 1333 10337 19513
10296 10043 2493 3493 16119 10735 9820 10211 4390 13525 2758 5190 8488 1901 16917 15585 12473 8708 5042 3017 68 18899 15900 874 10271 7803
13320 18781 17559 18360 12761 15934 15839 6343 17285 12818 55 13312 5189 9521 8072 2819 8305 19638 8872 14012 3246 9456 19537 10512 9151 6275
19237 18314 3180 13609 11052 47 14939 4766 19068 1535 17432 4412 7279 12667 14610 1377 11115 7384 15695 3485 17173 7888 3571 9596 15664 13083
3670 3735 10596 4026 6810 3256 5545 13338 7049 8408 11780 12203 5457 15337 17769 19514 8887 7250 2010 12253 1591 4850 829 19837 11445 3807
10881 3706 7593 13224 5738 12169 15839 16658 10456 7484 8030 11759 17381 2566 12293 15043 9780 14986 7306 8769 19286 19951 17521 15209 8817 1269
16773 13877 6494 2409 19384 1762 1475 3673 10166 4867 16076 261 19920 17349 17843 8262 11909 16075 18496 1179 6134 8699 7424 4178 9425 3367
5985 9920 7993 6120 5772 7426 6747 11582 7493 1892 161 2488 11082 18870 4292 1035 2828 16792 567 18767 6138 1877 444 18712 1060 10237
8329 18135 1055 1211 8746 7857 19822 7324 18655 2801 3906 13533 13951 10347 6078 9959 17877 3586 10502 17073 5206 11003 3346 4532 19125 23
12666 1407 13975 12212 11361 16996 10371 8966 9056 3070 7957 2787 4603 1991 15773 14309 16551 6644 9711 1677 1964 7869 8751 8778 4536 13272
17521 10576 16705 16099 18408 3326 2106 528 8968 19064 3296 17512 4412 5825 4361 6414 10806 17558 14525 16069 16678 13829 7691 3073 18959 11147
12281 18598 11588 321 11599 16916 1464 6827 4846 1217 4645 18661 3420 5064 19780 12856 8027 16342 7680 6237 4966 6843 2745 17196 5294 10586
9789 9674 18517 2957 16175 16961 4407 5584 19220 4082 10076 7258 7905 9010 11318 977 15724 14528 15258 17256 4109 1107 16489 18869 17440 8414
12831 6619 16620 12791 2245 2255 13203 13435 19163 18339 17068 9507 652 5983 14931 2130 2546 15574 1834 6914 4285 10324 3801 1345 12883 18214
1883 11582 1751 19639 14547 12045 4108 8930 14632 18629 3707 3234 18112 923 2665 4796 11802 1361 4300 10696 14694 7632 11637 19208 4181 3431
11503 1256 6586 10037 16205 16399 5137 17779 5411 1934 2585 2458 3155 10504 16100 18394 7135 2840 2352 2675 2821 6814 9229 8645 2067 19389
3748 18848 13717 2017 11039 2778 19598 2444 9363 3119 12551 6215 13662 7636 7631 11822 5870 16896 2865 474 2144 17370 18477 5276 4042 4307
18359 9258 3411 17722 9539 4586 5300 13687 15071 12182 18553 14589 9405 3489 10952 1614 128 8114 11470 19581 8447 1094 16504 12101 61 6874
14545 18970 11094 9459 2321 9025 8453 14264 3530 11482 1379 16586 3489 76 7513 15346 12123 10583 16226 3877 2705 7006 12472 13519 14583 6959
7002 9533 8130 18159 671 18870 16731 10148 5129 4564 13967 9681 388 16933 16287 17919 10083 16969 5764 7645 8127 4944 17294 8412 4471 9473
3569 11498 14842 13294 15796 1089 18828 2659 85 11114 4614 18528 146 15687 15553 7135 3035 11689 18175 14400 18917 5522 16207 17418 10613 8624
7149 429 9730 14381 3235 12643 14581 2226 11356 12496 16716 16260 1756 6609 6236 15256 11797 6604 18047 17370 11600 8853 9460 7236 10496 8849
10068 17323 18648 15993 9741 5882 13774 9446 6685 3391 15336 14142 12849 11678 5711 17497 19817 5378 7824 8811 16670 15763 9688 13343 8992 9296
11772 6830 10306 6340 9873 17019 7664 8244 1794 16312 9348 11078 15436 13132 15546 12577 14452 4725 4834 11620 10192 5019 6932 16706 8981 15086
12757 16694 5441 19105 15011 588 18969 7326 15834 9332 6558 15519 16587 16613 7349 18056 5663 3087 12060 8009 147 15307 13949 2339 10544 16794
16052 6612 17142 12915 8366 3431 7270 18145 12999 19375 17595 14292 5491 13792 19368 15514 12942 17861 19681 13006 9708 19216 8115 456 14879 13803
13653 7863 16827 1344 11003 15165 13580 5897 1408 9620 7008 19813 14940 13083 13301 17648 6194 1501 93 18899 659 18585 9696 3800 12199 10260
19184 12059 1167 14460 3066 12693 213 4288 8026 6682 7611 6346 8113 15067 752 17112 10770 9369 6600 15274 3029 3136 9181 5395 1914 9978
18275 11027 15047 5447 15104 14753 9547 19766 9497 167 12491 11164 7719 2017 15852 19092 10003 8492 11632 7825 5298 1407 8449 13962 17305 14434
19402 726 6313 12704 6459 16174 11702 1563 1214 15901 10345 10221 17672 4729 16072 8927 7790 13336 18750 1941 6082 17648 18050 19278 10851 5168
12944 7279 14562 18079 9206 14642 9810 15920 17753 19265 7402 1539 2547 3991 18175 13726 17977 4927 2942 19667 19293 8065 18875 6857 6291 2921
17166 4553 1111 12785 7538 4605 8482 5875 12623 5846 7388 13289 18123 9773 8897 18418 6045 10466 2649 72 1780 4086 5430 19128 6393 220
5541 1746 6228 17532 16730 10259 9679 11741 14554 17372 13789 1488 18005 5345 4633 606 11869 9665 3411 3873 4959 7366 8 19473 14509 1971
8787 12189 19866 12974 5007 19567 18103 5590 6068 8027 744 14031 12925 16315 16889 4228 11556 8225 5798 8750 13239 1469 1406 6145 9292 16605
19535 12510 3549 3639 16518 19169 2801 8283 9592 13334 7167 19792 1830 2592 4021 4551 50 14788 13639 14757 6960 13505 13419 5558 9941 10720
10610 9322 2493 14924 18259 1934 7178 12933 17620 3897 8809 11822 12803 13226 16737 2402 6595 11566 4802 8727 18931 10918 19929 3107 12258 14835
17284 4537 6108 18184 10533 9999 15623 13072 11602 16049 16643 15445 4539 7980 5576 18138 4268 1869 9096 19504 7148 5855 17250 7184 2685 16974
11031 12488 862 12907 18630 16111 2438 19265 7366 2917 13179 15352 19336 18261 9238 4470 9280 19904 15214 11315 11986 1442 4185 5655 5549 3577
6000 8214 3312 5014 16444 11128 11483 15047 7953 13166 19789 16078 11669 19924 362 10699 7128 5033 7228 9925 7084 9243 15407 18608 7323 3387
9763 7562 108 4954 2540 9074 11409 5756 18002 1892 19607 1145 12133 8992 8760 8923 12748 5644 350 5203 2939 8376 14031 4584 13346 4387
15334 9781 10952 1862 8344 10597 9453 12380 2349 1924 13582 6751 14064 18809 9817 14899 8163 17663 10766 10561 210 4509 11609 14170 7802 3737
16653 10271 1049 9961 7735 11511 411 12144 8497 3921 17853 4713 11539 14093 12507 18438 8850 6934 8352 18871 15984 1109 13339 16382 15315 3957
18832 8961 17946 12698 9590 18268 12244 10998 3458 14447 13662 15519 12322 4582 17074 8485 18263 10030 13861 13906 973 16114 9767 19128 17384 1939
19145 14412 3809 456 14238 6752 7058 3716 19907 14026 6113 10413 10299 12744 7324 587 7308 2086 15700 4076 14060 13821 18895 15606 4346 4804
1615 17359 18271 17455 8896 7983 19507 9764 12750 12701 19944 15194 9205 4480 11311 6250 16561 13297 2998 2595 10582 17077 5450 12403 766 13964
19305 3812 2929 3857 14036 15050 6866 17482 12714 5068 1565 10540 6408 12788 18372 5939 17496 10101 15546 419 4067 1975 6237 3023 13318 12570
17231 5664 6396 5377 7913 5283 8448 7526 14920 19087 18179 330 11333 8337 9945 17808 9954 12833 11699 6788 12954 19737 11388 8917 2862 6668
3648 7404 19491 14090 4777 5975 13115 2955 15335 2848 12376 7856 5456 19370 14806 5259 4622 9134 14387 13490 15523 8582 8490 6771 2856 4446
2560 6978 1383 7419 6339 7684 12445 5206 14582 678 3001 5327 3746 9155 7075 12738 13726 15947 5958 15509 7144 6403 3626 8086 5360 17375
11175 15929 3839 14843 873 4543 6774 3794 2777 2042 1143 12549 3810 17570 13868 3821 680 17676 7538 4590 15694 18240 2674 924 924 2615
17378 18135 2385 15795 10874 6422 3393 16288 3317 14930 7189 7595 584 3816 10014 1403 9896 8200 19550 13612 4389 7969 16701 17521 18742 1579
12872 14921 15753 15317 5654 1260 5700 10964 9429 9286 18262 3591 2240 1080 328 5806 5894 19783 10149 7988 8726 12960 19336 340 11565 4118
5494 2024 8741 14809 17005 17096 12119 2410 19289 17478 18255 11916 12208 6996 6585 8587 10911 18345 10852 1057 14656 16010 8235 2801 2338 8460
6313 16812 6680 11569 15536 1672 5348 4147 19592 10190 16130 17511 7872 8605 11481 15335 7484 3675 8419 12495 5504 418 12789 901 13211 17950
18206 11035 10907 19761 4699 78 990 7158 16150 7663 976 2151 19179 2937 16301 12864 5584 4721 13759 14140 18275 13212 15537 6626 14243 8246
18924 3131 8056 4442 4199 11752 16665 16617 19309 18838 16092 18969 18330 15605 3063 12253 3592 16920 10116 13631 7663 19970 863 7591 7161 2852
695 3973 132 5857 18116 17508 9658 971 9871 10685 13796 15553 4733 15966 6637 14681 13626 13572 11154 12013 12430 14040 8775 6595 14627 8811
2844 18797 2140 9325 9341 5697 4347 3182 1732 4362 18091 16662 3185 15929 10531 1898 12238 19282 3791 16887 15714 15983 19629 11967 4361 4033
11489 8512 4021 14861 12869 12250 16176 14613 11900 10643 15734 13014 6705 14946 15020 15286 17341 18840 5610 11212 9911 15547 10895 17977 3057 17669
15651 13144 4895 12911 16241 12722 1541 6135 19290 2974 4978 4926 8831 11234 15216 590 4080 4155 13461 7913 10274 9983 1189 14397 7500 8104
2774 10425 6395 17161 8669 7284 1390 606 3984 18367 4524 12400 17780 15455 19032 18661 13063 18373 6264 3247 18774 18190 2177 18993 14345 1359
10248 1091 13232 11257 6219 14341 11045 13880 18936 10460 3718 7729 9101 16584 16448 1494 14262 8742 10700 10985 16198 6011 9715 13930 717 19311
2743 3239 10312 11452 15745 2848 5641 10830 8932 10399 17542 19428 321 16531 7051 19460 18546 10553 11460 19721 3909 15780 1372 3600 2729 9044
19629 18402 2859 1843 5900 10120 7919 8148 12926 1549 14252 2099 12984 1948 8468 19759 14010 18611 471 16192 11870 7317 10884 19221 3878 15046
11965 15307 8871 9982 3661 1013 8142 16924 949 5227 4822 19897 16721 15209 11792 2534 7625 17294 3661 2205 17599 13510 12504 14281 15140 7521
207 18264 15632 19526 12603 11191 4121 10199 9549 7378 19514 8129 1147 1223 6062 14430 10163 13897 15835 12651 15144 14151 17563 8486 8988 5630
2152 9465 16965 15733 19405 10143 9697 18895 18879 5582 12789 3012 18509 15579 13758 14913 6664 13831 8882 19963 18305 8456 13533 11344 10953 4359
16225 4744 4508 18395 7270 2347 17020 3281 6094 14469 7194 10324 16447 14928 6023 17784 9115 11434 17033 19508 12756 9856 6729 16756 12209 15187
2801 16784 5570 18250 1141 6629 4124 18216 9756 3742 18675 10405 14438 19798 476 8411 16702 4662 13154 5489 3200 3370 18520 1313 18552 15333
15737 14896 8718 2040 9914 7729 11145 3240 11781 15442 15769 135 4064 1738 19215 13456 17146 218 234 17756 14582 19594 11462 12067 3632 3170
4926 10439 9407 2052 18516 16775 5475 11721 10091 5276 1688 10189 18519 464 19763 3443 11442 2381 7239 17745 9589 12670 3008 5639 860 18439
417 11576 11367 5851 8838 5307 6605 7966 5240 14320 17749 10575 8699 3856 4551 10635 14709 1724 8196 13619 7413 10667 4114 2801 9257 2124
2843 9222 3445 3298 16121 9909 795 12088 2199 11073 14625 3241 447 3553 3414 8191 18424 11165 16511 3761 12365 2571 23 17645 13361 16038
11342 17803 3518 10546 16164 96 19916 15283 6169 11445 17213 5115 2573 2192 5479 18688 8638 10587 17128 19927 17879 15266 6508 19154 5401 551
3649 18737 15659 1384 5480 8963 4022 6061 10803 16182 7087 5453 12370 4561 8279 12189 19150 4990 5311 11386 17870 917 6128 12432 962 12085
14561 5710 13189 16909 8101 18083 12863 1004 18659 15019 15568 19422 14961 4228 12735 16836 15138 18961 4639 7185 6083 9013 4317 1474 9186 4298
11105 15176 10820 2982 1020 16964 8774 11765 5516 9122 15272 10573 6663 10213 19875 4834 9000 9471 17369 15131 14925 6690 4078 10487 7869 13573
13984 4911 12870 6918 1410 15250 2123 14326 14807 7511 15914 14722 257 8948 18736 17384 12680 4519 256 15847 3306 17565 1593 2118 5819 8038
16909 1149 5021 14583 18061 11602 5482 323 18774 7843 15127 1482 5864 19946 17119 4366 6259 18887 19536 14324 17145 6220 6194 19417 5618 19595
8110 11568 14253 12242 18101 7662 1800 8785 18301 256 12558 4658 15528 10992 2441 10133 6735 5437 9838 1954 1234 6406 11988 6114 9067 6223
16982 3373 1062 5520 15078 9261 6162 5916 2025 12404 13424 1214 15003 10142 2208 931 3239 16882 8545 11681 2693 10429 9334 17057 7420 12980
11229 7900 12349 1974 19761 10027 5761 9810 1423 7971 17538 19050 15651 1954 7978 1607 296 19057 18974 14274 11583 15548 14264 14994 9327 6765
6956 205 13487 8802 14278 9040 19968 10348 4861 11297 15035 12398 14626 15366 5094 3983 9092 10801 19269 19224 5325 7311 8375 8579 13099 875
8301 6412 6655 17999 4020 11460 2355 119 2418 8669 4946 6995 5119 14106 3379 1634 2210 12629 6850 17433 36 17702 10022 430 17362 1823
16685 14523 6780 1264 14046 17872 19236 14630 7920 10461 7662 10219 16398 17578 11538 19176 1655 4235 7027 17386 8742 19269 15285 15157 6184 8909
12479 15876 191 8625 15618 16892 19891 19302 13365 6991 19849 15653 19932 12888 10784 2543 3141 3924 19904 264 17738 19749 17169 10148 12415 5418
9673 19877 18711 12117 13748 13385 6009 2165 1438 4540 12441 13427 12691 15214 16543 14197 18574 13351 13431 7940 4855 9305 15972 4714 6348 17549
6609 1220 12007 16771 3247 4401 1755 6360 15731 19308 13326 7703 10228 8051 13588 4212 18771 7998 8460 14274 2099 6352 17447 5450 10138 12266
18063 5843 681 6383 8730 14479 11928 1984 2741 5304 320 15528 8247 12080 4119 19037 4826 1781 18729 2077 15562 11736 10489 4744 13048 12412
3156 13290 15346 17260 14715 13825 17367 3540 17266 7757 7610 16092 3648 16247 14079 11185 17038 12678 18668 3165 9311 4761 19470 6399 178 12064
18681 11329 18247 15085 1867 4123 1631 9939 6549 15456 1306 19385 19781 10345 2387 9078 19498 17023 6027 9379 2459 10509 7719 9422 18344 19270
8146 15888 608 9866 8724 8791 13847 9556 18372 9277 15902 10639 6498 15697 3252 10586 8100 17249 5945 5162 5214 13359 7190 9007 18994 4298
2834 13747 12654 3636 18458 10088 5994 7638 2088 13951 6735 13816 4069 3284 4244 4434 17583 7876 18505 201 9906 6789 9460 5673 8563 7838
14401 8414 9107 5757 2618 5099 19232 14837 10476 1783 19071 18149 590 4219 3697 11843 15628 6457 9710 15237 11334 937 873 7782 725 17038
5769 5035 9369 8510 5050 11553 5231 2058 10384 11650 16912 16207 10665 10799 380 9831 3380 6583 12418 13907 271 5668 4836 5253 3864 17981
5647 19838 6374 14973 11534 18367 1818 15979 8282 17945 12655 15424 3072 6480 13358 3719 2811 10488 1176 6892 8296 9753 11841 3489 9345 4051
5498 6814 7430 7867 12656 7143 1863 6235 8763 10898 13455 1863 9698 8219 14485 13339 6538 9465 14652 13834 17184 19049 764 3390 2822 1957
13406 9656 331 3308 16916 838 1745 8127 3182 3669 4182 14013 7420 19590 9653 7330 19250 7258 6246 17545 1856 17563 12864 1269 7922 8456
5433 18376 14300 11510 4445 19046 8076 19599 7821 8776 9792 1436 15825 7638 18002 12757 18305 19385 7144 12923 15000 14093 10216 10980 13811 13213
3272 4701 11896 7260 16053 12103 10543 11143 11885 15941 12313 7666 2909 9909 17852 17068 4594 9297 12110 2149 13147 2580 11722 2131 7962 6696
6014 14039 19583 4590 8735 4931 3170 836 7227 19988 8627 5644 10222 16953 11173 11272 6474 13570 11456 285 18346 996 8302 18878 10186 8769
5691 4951 12854 18980 17404 18320 4826 19973 11108 6618 12864 5991 7200 12919 2412 9482 761 13453 1430 7191 4082 3018 11068 2541 19649 3397
8177 5376 3163 17766 9268 5533 9264 3602 1761 11468 578 14197 5399 12713 19186 262 17618 3144 15608 16103 5205 9132 332 9907 6636 9662
18202 5463 12615 5821 16908 1187 11831 1961 18384 12524 16087 17083 14014 4050 11183 19023 7016 14317 9426 7217 18373 18449 1420 13528 13070 3399
8104 5787 16359 3755 4477 1522 17545 12885 15285 10083 700 363 18358 19149 9177 4379 4253 1623 8935 6807 19836 14918 12862 1691 7100 19196
847 6239 11164 17472 10989 13277 3775 13722 16326 3112 19975 1315 12607 9213 6303 12227 8583 11275 10633 11652 1614 6712 5971 9001 4276 11700
18195 9237 7595 19394 2953 18565 2666 10113 16592 14519 109 2933 7474 7308 10627 17242 17313 13434 16327 6818 32 11139 19300 13144 9685 13850
2204 599 16118 11385 9214 9143 13790 9592 6958 11172 3551 17971 12210 5550 13374 13624 2951 13044 3804 3362 3844 14569 10995 8234 16752 19285
14955 16100 5733 7725 15732 2390 17684 19799 2401 15341 12626 19098 8544 10242 16302 15401 17198 5810 19239 13382 9837 16085 16987 4217 3293 8974
6082 8606 8979 11764 16405 4400 7263 2326 13449 19622 3729 13256 5163 10416 5423 17550 57 3977 15075 4839 7912 3414 3261 19155 1946 12973
14632 5219 2227 13065 16557 8340 11667 2909 12224 4243 16846 2991 10860 17984 9935 10164 11001 18234 7332 251 15705 19296 236 18042 804 18774
11638 9601 12921 11805 3004 11385 2361 7906 11098 3520 6730 17432 19040 9243 2156 14312 1937 3437 8467 17220 11991 6976 15182 18452 9732 3315
4140 10476 3276 289 9284 18004 1443 7034 2396 16540 19142 1354 18808 5623 16941 893 12194 8077 13008 9770 7390 12080 12990 5161 9468 12160
15000 17934 11131 13639 4944 18178 9309 12205 2500 9922 14495 4872 7100 18700 15418 11417 9500 6626 19070 5875 8262 15348 6223 3122 4211 12199
3216 805 5776 8081 2667 312 16551 13443 18019 14495 18561 104 10362 1714 15299 3955 6681 12976 8868 3866 3306 18211 13177 1272 11965 1730
7351 12475 16845 6019 3079 17575 13974 17860 18056 4377 8713 16876 18302 14202 5071 10860 15198 14362 16866 9462 5225 17965 6130 748 4376 5619
6504 8978 1989 5548 18804 15296 936 4351 16180 19100 3186 9541 1727 6610 6489 3849 1695 11523 11042 5523 7907 8689 15102 15017 4285 15365
9105 8283 7915 10597 11507 4661 11822 17089 11044 11461 18707 13280 1328 4274 12260 11019 18654 6285 14346 19438 10760 15508 1449 17257 15049 8095
7525 861 13197 555 1785 18436 2412 16527 8814 5960 8659 11575 5111 399 12793 8093 19290 3678 19449 16024 27 10600 1957 13215 15651 3275
2406 4662 6976 2386 12535 13912 2439 5614 19654 15132 3229 16293 11396 8134 11832 1104 18270 15316 18599 2109 183 4297 13783 482 8067 5180
4225 4533 3308 10614 12981 13429 13467 14264 18744 1732 15510 16367 4382 11334 5255 19352 4763 543 7990 3119 19098 200 2069 5728 15753 13113
3681 17181 12425 7933 4821 1429 8540 12312 5635 2132 5018 5034 10309 19265 9249 13708 10618 385 11432 10589 14965 2246 1071 12538 19852 11383
17968 18694 8059 15109 17454 581 3459 19956 14138 16091 19211 2 10055 13016 1717 3244 3250 19442 9219 6365 14986 13440 12511 15099 5493 2997
7664 11661 8463 1820 16001 3175 4159 17895 4383 3682 9651 12918 4529 3675 17041 2100 1251 6267 9606 8439 12201 841 8257 3993 3223 19199
974 19968 5172 13843 15460 7766 17225 8450 5562 585 5247 11425 9445 18052 4755 8526 6398 13363 7708 1444 9253 15772 6706 7381 11865 5767
10581 17081 4102 6836 12829 13391 19642 829 13202 2641 15144 401 13897 7494 423 6424 10629 9313 13180 2301 12452 16177 18199 12128 2698 10992
8755 7135 5611 9330 4582 19211 19097 2653 6615 14804 11376 14660 15311 7476 19475 2353 10478 4582 16023 4498 12967 316 3347 5491 4908 16631
16670 14456 880 13986 121 9397 5064 11132 5934 3637 1108 2745 4311 2698 9200 3533 18763 18603 17124 1473 13289 2487 12179 18909 16465 12558
8570 19062 5389 18417 2884 13497 9378 1518 15315 17231 1044 17550 15133 8956 12911 11106 3989 578 9045 16993 8117 11839 19722 14402 6556 3728
11250 17412 18176 17287 8005 5366 19246 4272 4487 12967 17832 11119 980 693 3806 3123 2965 1358 18701 1889 4900 12460 3540 14175 4396 19102
2070 15441 12621 10796 7576 15410 1642 2342 6753 13705 4870 3078 13031 2061 2010 2034 18315 6814 13685 5955 19824 16233 13634 12848 752 8019
12389 19468 14802 15511 32 3959 17033 6642 11946 5090 14242 10255 18735 18477 11359 7779 7130 19269 5326 16802 19021 10317 19626 17764 11167 5809
3361 11501 12109 19426 17645 14393 4527 4952 18439 7313 6231 15292 12830 9366 1683 4179 11208 17028 3875 7045 7304 4028 17281 9179 3862 17562
6795 12191 5775 9570 8332 18756 10213 18254 6569 3296 13702 378 11041 17639 8659 4715 3130 15291 17241 18984 11948 3903 12066 17462 13058 14590
14936 19079 15885 5833 7415 7292 4174 940 169 9118 9883 2898 6753 3893 15302 16424 10893 11751 19423 3635 10394 7127 4695 18203 13230 5988
2973 18003 9690 11105 5556 2372 16472 17888 3753 19784 3689 13993 12084 13358 10714 17677 10783 10710 6599 4457 8891 17215 11130 39 7098 19854
1628 19580 7951 19678 2809 8228 18973 462 13970 19640 6657 19477 7356 2339 11643 19290 12044 11161 6785 19865 12002 2864 14472 6207 8604 13868
6295 4354 16173 6424 10332 18987 7541 5187 14403 17664 3522 7174 13530 12649 6313 5473 1721 8626 7126 9814 10181 11269 13473 15071 9050 4816
15517 18922 12187 12862 14907 943 10765 14669 12867 5161 6949 17880 11843 6212 18700 4216 10843 13113 7741 15320 6302 2058 7579 15799 7883 14655
7999 15457 11854 18993 6053 7777 919 13263 2683 1743 4016 14530 3711 9945 13866 16025 5032 11729 13996 6309 19069 12485 9413 36 12674 537
12326 1665 11533 1904 10211 19357 3841 17124 10895 13482 10932 10790 14519 19691 4416 1252 813 1040 5736 16658 18165 19733 8077 9407 5566 161
9256 9455 6256 12694 9555 3060 1663 18366 632 16404 14715 18616 4559 4589 4342 13337 3129 6900 12776 10759 16325 3605 12674 6235 10825 1434
10602 18244 16703 16860 17381 14865 18985 8147 10704 15439 13014 7596 19533 8633 16999 17344 7084 12726 3623 428 6570 16374 2666 10994 15941 13471
7500 18329 5267 19722 17441 18105 8912 6223 1799 6 18531 3586 7825 11730 19741 10547 4103 7810 10209 6011 2950 17921 11384 15187 18663 10218
10205 9325 8923 8624 18894 3654 16128 18923 12690 6097 2755 4261 6390 19349 1467 18964 18563 3827 11280 814 11201 14354 4 5071 11938 5538
15521 10803 369 17843 13832 1017 19433 12303 8550 10572 8832 7003 9269 16897 15431 8732 9432 536 11708 15061 18130 18000 8133 12159 14634 6882
16905 673 8702 3343 17798 6024 13350 1279 15457 16237 12045 11923 9922 9004 19336 4150 17710 16163 14223 6307 14496 19916 2338 8006 683 2743
13465 4419 17677 449 2706 18577 17977 13883 1878 14147 17609 19876 6107 4440 10195 14840 2332 14805 9513 11888 1187 7549 4261 13322 9354 3603
19161 13690 3636 10851 1739 12992 18170 19076 14328 894 3406 592 11295 667 12176 9354 5232 10534 3491 11576 17417 4459 7484 7052 11767 18719
3164 19961 5114 10437 10573 3872 12332 7971 8755 13050 5611 2957 17398 18809 7072 665 2077 17557 8900 10902 13433 3268 11536 7558 7865 15653
14322 9826 9756 6646 7154 14476 12019 6533 15019 14361 3535 7835 1195 11102 18003 17851 1293 6502 5553 6248 7847 7081 6515 4485 1062 19862
5657 10050 1865 15431 11463 1267 4469 14213 5603 14064 8543 13476 15890 6733 8053 1535 8970 11988 537 15627 16031 2749 1884 14920 9858 15643
3883 1269 18270 15639 5635 15386 9316 8859 17503 5140 18900 9130 9788 10210 8018 15055 5161 10331 17218 8561 16040 9831 12858 2942 12784 18222
14145 9787 8733 16765 16004 18449 896 16265 9171 5376 15942 10558 7531 2483 4875 4222 18167 7293 11226 13310 9279 9828 13232 2029 14985 2936
7282 2657 6903 12995 7297 4476 629 8551 2179 10493 5941 4356 3028 10496 14800 5555 1648 17029 12242 8921 13264 13104 11690 7609 5147 5116
8802 10165 714 6805 1136 12634 11 6126 7960 1532 12273 2681 7898 15922 16277 15510 19887 12958 15225 2402 15491 16185 11434 12710 17050 19901
4242 14524 3436 14936 4685 14362 12001 16669 7921 18304 10565 479 5513 11340 11767 3973 2761 15967 4542 5895 9541 16051 1196 12657 9034 8201
5494 19389 10866 3551 16727 18198 10921 3425 18472 8034 6912 64 15380 9641 12161 7238 13403 10446 4947 9673 10506 19360 15203 5859 17242 17860
1712 19794 1592 1800 12832 6283 3533 8107 1475 18005 1683 19082 14911 13040 10319 7246 11642 16115 6071 12722 654 1704 10973 17135 10134 16932
16517 5825 790 15257 6768 1012 5278 12439 1253 5059 13424 5219 4368 1298 17752 355 2729 8388 942 3568 14309 17043 8861 5301 12361 1895
18201 10332 10522 2732 12973 18175 13677 5261 18864 1187 6928 9962 12134 15542 2505 11878 18379 19036 16291 9708 2672 1924 825 13286 12201 14183
14126 4465 577 11796 4263 13618 14474 3543 5828 16767 3591 10623 18651 10133 12899 207 5403 18808 11013 18900 19079 14753 15038 12858 4767 18103
11615 7696 2961 9580 8310 16621 19366 3044 8057 19550 9954 14865 10672 16585 8116 14328 8055 15369 13262 3594 3385 19603 10078 3694 7171 8892
14859 12582 11361 14400 7151 1134 10823 8242 10331 2582 7191 19051 8722 7608 3107 17967 12209 6451 7234 1428 4330 1262 554 4598 10225 9781
11902 5554 19111 12439 14387 3978 17714 162 17447 11271 588 12924 10884 8544 8284 13640 4036 5790 9824 5403 17337 134 15203 11969 12670 6716
15 15383 14397 4606 11730 12413 3990 5090 15022 16200 16550 2766 16155 7513 6078 10311 4774 11360 19188 9096 10602 12171 3640 4826 4964 402
3985 15565 12362 6344 7941 12485 13663 15128 15808 3689 11502 18144 3782 666 14050 7256 13618 11775 14870 5018 6715 1007 2419 16902 18158 15355
9227 7921 17817 3908 2636 15209 15340 15267 4161 15444 6896 17267 7923 16131 8791 19674 15343 2268 19899 8347 18940 11317 19662 14207 10117 4626
8492 4521 2471 12722 5714 13362 9679 7402 4478 12356 1482 7183 12955 5025 5953 13680 12722 17277 15937 13167 10493 9735 8824 14189 5926 2168
2019 12235 8045 7545 15202 14417 7739 13207 10938 18007 481 10917 12811 446 568 4073 1586 19811 19722 8178 14438 2662 15270 3713 11997 7974
16517 8839 5598 19863 470 18945 15217 9424 17283 17751 4838 7407 15837 6853 18843 7758 7320 12212 491 10071 6790 10268 3004 1224 4373 18169
4574 11157 10156 17181 11824 7748 6267 562 6543 17423 18186 18958 6814 6527 8070 16995 426 13870 12941 11617 17728 9045 15546 12636 1188 7404
16089 15951 3919 16789 7501 12314 599 6363 10076 10208 7260 19043 14497 2571 10983 13931 13446 11092 18815 1876 16619 17347 6287 16633 16107 6469
3214 13385 4427 17528 14261 15466 19011 8284 2795 5422 3581 13117 8376 8823 14069 6974 5723 18055 708 1925 1936 16224 6785 15081 8861 6919
9617 610 16922 6931 12300 1514 5889 6936 10031 9142 9312 12708 505 12526 82 8096 9082 3517 5054 12723 4918 6035 10233 6377 15715 4615
4828 19738 16888 17157 6951 13350 13192 17746 12161 4326 2645 14472 12257 7612 14745 9902 9735 12144 9790 4170 11004 10780 12119 10589 2722 11271
16827 5577 19237 9013 5274 2537 6195 6573 13329 5289 19750 16956 1089 534 2169 4503 1259 6893 11115 1990 13243 15196 15261 12699 16274 2431
7135 6793 10682 205 760 4353 11184 12514 15248 1833 12138 7648 5505 2091 61 7581 16406 7018 12876 8873 16221 18326 950 1561 13984 11115
19164 11550 6584 8970 12598 12530 10513 4599 18194 6242 9666 18608 2222 3807 7785 11026 19306 5467 13911 1304 17700 15862 15970 6206 19110 17289
17556 8448 289 1504 5290 8087 19938 3860 664 6086 1541 13138 14879 17153 12613 1536 9434 8745 12837 1473 9976 16805 1348 12521 18191 17730
15432 12292 3996 13334 15454 4122 18183 13751 17040 4089 8681 10756 4355 7898 9924 8222 8231 17993 9129 1093 8220 8697 390 6821 565 17449
724 1221 1391 2194 4188 5649 2266 13215 10159 17555 7345 12926 13604 12772 18946 3285 4990 12830 19662 531 18278 10597 4513 18429 18886 3116
13926 15194 2766 18473 3752 3363 14419 8453 13353 11287 2005 5345 13428 18630 16582 15919 18057 18744 6307 669 7356 11446 9468 18593 440 12509
638 10452 10582 11520 9130 13746 749 12534 13595 18594 7885 13040 11630 18710 4068 4261 19712 1536 2597 16448 6782 9026 18338 18564 9503 1815
3417 6963 358 15313 8717 7969 6973 12381 19650 17708 17248 19258 7220 17178 19449 934 8811 16361 8114 10887 10766 5298 1083 15620 6972 3271
6814 16094 13890 11971 5745 17226 15494 10354 1323 6103 5830 8513 12355 4267 6256 18851 19393 2709 15091 7377 5135 2149 14016 18032 258 8497
1691 17088 5761 7625 952 18128 11611 15233 3896 17639 4667 8553 18727 15762 2530 4627 17632 6229 6426 2782 2390 5681 1310 12089 5930 4726
6516 11399 3695 18979 118 13081 16401 8405 16117 9516 9318 17697 1305 15571 14764 2926 11421 18001 5808 8273 14855 16400 13089 4488 1252 428
6426 16436 7984 14626 11448 19912 3710 4172 2463 9056 19845 12831 10467 752 5839 10520 2085 7469 4949 4152 10506 15652 7195 17942 6673 9307
3695 12050 7064 705 19509 15837 6956 6964 13078 18542 17112 8323 245 3428 14138 9004 1165 14610 9593 16034 5712 1496 8792 17325 2815 732
16506 17716 11923 14350 11269 11929 18556 10924 7668 6343 18353 19933 4264 4856 7376 1930 7926 12853 5332 12208 17455 10515 17799 17097 6640 6095
16557 13678 14951 5053 2287 8512 5140 16248 17107 5236 5706 11716 14659 6081 12561 6910 11185 5671 14286 490 12787 2870 10567 12410 6376 6478
4141 19675 4563 17058 3659 9746 2997 1504 3093 11539 12175 12704 9658 6313 13585 13019 13437 16924 3067 3799 5712 18751 11568 17795 7354 5739
19264 11360 11468 11475 6376 2406 508 3705 12168 3565 7133 11248 2669 4546 9705 15529 2197 13109 18403 5262 13731 10703 2987 103 5050 17096
1533 3126 18719 9585 724 12958 15140 5919 452 9990 15009 6955 1371 1957 7939 19426 14325 6203 15332 3184 6680 13893 8998 8528 844 5374
17101 14918 9489 16432 17205 18622 9650 18094 15879 13185 11442 10273 9614 19027 13812 3051 13246 3975 10601 2856 18259 2615 19480 8698 3095 7023
1365 19992 15540 18429 3933 10230 12153 208 15756 16115 14684 375 7463 14440 6587 12762 12383 1860 3313 14638 14477 6246 9170 128 17058 12044
14146 7960 1723 6805 5453 2608 13592 13355 16630 11474 26 3055 19531 1834 7948 18406 13208 17188 13695 11518 7362 4097 16523 10252 9834 7188
11463 12294 8267 8606 6549 1502 98 2358 3120 3556 1600 8809 19848 4272 2374 151 9881 15594 11787 10627 1484 5224 6172 12437 12873 18858
12948 10125 4445 17654 17314 12225 10025 5372 14023 13011 3882 10262 2204 7298 3751 5021 2697 11564 9259 8378 14144 11258 4211 8881 8291 15710
19599 5116 7686 2632 16520 422 16575 12825 3794 16307 4196 503 13687 4763 8372 12340 18508 18644 7439 1441 10479 12572 1585 14313 12232 8572
14914 6915 14384 13847 15397 3806 16281 5530 6153 4212 11433 14256 739 17977 2699 19676 19245 11033 5013 11552 17910 11384 16230 1563 19620 5455
6684 149 6428 19451 11670 12536 12176 7456 13309 8273 2247 13661 8781 7955 3983 7137 14180 1967 17249 17849 3693 19644 2308 44 9890 2821
2552 9648 6531 14595 6432 12654 17221 15632 12994 7383 9093 11858 12747 8335 1133 6685 11176 1230 13241 13447 16406 10783 3498 15472 18197 6022
11796 12667 5837 2697 15555 6956 1294 9261 10217 11776 16124 1943 9189 15807 15112 10007 750 16786 8333 9371 17886 4807 19280 18525 1876 2781
6684 15525 10283 18165 11407 16100 17501 15544 10288 10573 10114 11553 9032 9849 14907 10887 19275 10953 478 7733 8670 1009 9739 14395 8823 8832
3177 14913 8572 9454 6018 8751 5459 2616 14798 2026 12724 190 5600 16793 12890 17891 2069 13531 17245 3140 1033 12259 9458 19310 18985 5468
5025 15327 5382 9640 599 19393 2090 13658 6213 8975 14749 6073 13187 14514 13637 1558 7423 19601 12212 18329 6845 12869 11740 1361 11843 6157
1782 19954 4665 8133 8789 9926 9620 18490 1759 10366 18997 18578 5205 841 7590 3739 9794 2981 2227 13731 14540 16191 5515 9509 14306 9896
14921 6109 5614 14578 7368 14999 18647 2924 2581 5192 143 12893 15336 12768 16456 2957 6714 13714 11520 17819 17925 8 11867 7328 7137 374
6764 8967 4976 19809 16575 6628 12312 187 13293 8865 1877 3007 3723 11790 2100 19415 18316 9288 14622 13640 13555 18640 5769 715 5237 1281
8768 7370 2207 16597 15829 11605 2047 16399 6546 5830 110 10014 1414 9975 7507 804 11381 11774 3562 17104 9144 8333 17515 1603 11223 1275
15254 14053 14730 19165 10673 8309 19306 3746 12050 7298 15802 6247 3224 2234 9976 14757 9895 5745 11458 9445 911 16533 17848 17463 19314 7297
12176 13281 5151 12015 13052 3121 117 9465 6440 3702 8553 6387 14516 5069 319 17767 14007 7013 931 16193 16286 11096 29 14073 11312 10897
6001 9609 14137 2493 16701 16567 14464 15300 3015 6366 17700 7755 16461 18556 16676 12922 15932 2311 2067 17513 9243 9647 13895 15609 6031 15957
17444 2803 9453 12696 4413 9826 4976 10749 18614 15851 18134 10040 18457 15491 12855 16167 1568 5390 9352 11214 2821 4902 19463 3493 6790 12083
6425 10212 15504 10917 11238 3254 1098 12408 890 12376 18263 11635 10901 9908 16428 19432 3799 13476 18028 12295 18330 17678 3702 13976 12749 9580
11689 11886 2716 3906 15196 13373 7807 14918 8659 14152 4390 7408 19604 11233 810 2097 2947 3832 15457 16640 10346 19485 985 13027 2232 8602
9797 11830 17891 9706 15876 3204 2029 4123 3392 6947 18152 13219 18251 13747 13238 14036 16337 13225 14189 14449 203 13263 10326 4335 7991 1530
14773 9099 4908 2545 16997 17754 10164 17145 15205 2591 11151 18999 11339 18515 6257 17244 6474 3748 6671 7706 7709 13259 19612 1340 19711 9126
14652 4560 2589 16001 15166 17666 15149 19113 8404 14179 6449 17125 1844 17323 5165 15985 14917 11122 1234 11648 1559 5272 7345 11500 6588 14827
7484 12148 11530 16653 14203 19192 5668 18740 4270 18991 12056 4211 12382 12751 11886 18119 6299 4071 4424 4626 4929 14375 18401 18733 6303 12594
17574 16223 2055 13489 12867 1654 8065 7859 2276 3440 14046 10726 1209 2292 9282 9070 6258 10677 11428 8369 7445 19897 2192 15182 10505 18646
2891 2432 6351 17910 19040 568 17937 3745 2418 18413 3227 562 19157 8352 16301 6536 15862 3796 15703 19952 14246 3382 5430 10388 19884 9765
3 17729 487 18349 8030 2216 12250 14469 4700 18921 11364 11391 7546 5856 8473 2342 9376 18603 11593 2864 580 3856 18613 4711 5230 17059
729 15130 8078 3292 14818 9960 3502 14031 11619 19392 14474 16177 8670 17824 13605 9714 16219 10226 12874 7362 7289 13302 12664 7769 19018 8370
17158 19999 13224 6209 6703 13376 3123 15060 5581 7447 11969 15881 14016 525 7378 14491 17490 4376 9863 18983 14224 14336 13773 8884 8626 1484
6111 5690 6600 4922 11750 4519 16132 9775 7697 6835 1825 854 11781 702 6123 16594 17938 18052 7271 12112 4352 5904 15838 2073 16096 14615
1769 10360 8708 2019 19132 9983 1168 9376 17026 8746 8614 6294 10588 1048 2392 6637 18416 19999 18069 9433 10385 11606 11039 9526 10241 9160
18083 17637 1198 2080 2905 4346 1850 16192 3990 12495 630 13799 5470 3533 10377 11917 18996 4344 1714 13230 7062 9041 16883 16949 11190 16247
13208 1752 15445 18306 7937 18064 18017 12131 2214 10669 19818 18112 17489 9183 5738 10912 9384 11044 15088 3803 1082 7763 1192 11566 17883 4829
372 8322 8186 16505 279 17769 16440 18399 9687 7325 14304 14828 9042 15943 17489 18849 3120 13453 8538 16445 18925 543 715 5736 15451 7328
9720 15435 16018 891 14936 18889 19331 14455 579 3528 17563 17442 19562 2577 14476 2526 7822 18142 11534 5745 14826 6713 7444 57 13506 17046
18404 6493 1057 5246 10441 8569 4493 10778 5840 1216 14326 13202 15184 6991 14040 11334 4786 3597 2364 15402 3045 12424 2894 9676 3515 19108
13977 8213 229 13769 3952 4416 14182 3697 461 16167 3743 4372 11350 17665 6050 12276 10469 9989 3265 4736 11288 9071 17863 7261 5416 3284
13053 2723 5120 8738 16915 14176 15190 17499 7024 4007 9004 18251 8984 5321 3371 490 5306 11149 7246 4668 15648 10471 12079 7161 12574 18881
14628 7056 11191 16024 7258 1375 7901 9397 6525 11545 15160 1981 5585 12001 8975 5439 10145 14239 10851 4226 7890 10224 12435 1601 2013 2822
9669 2876 17876 11205 15682 12315 11242 17975 17244 19951 18088 10462 15511 15703 19006 19624 9469 195 10021 13803 1637 16960 17969 10367 6442 17204
4158 1036 17659 13245 7276 12311 7433 8160 9770 9576 2321 7313 8321 6519 9229 9389 18807 3640 1696 8863 19605 6246 4104 17892 6386 17120
14081 17072 2488 17758 8727 6016 3517 9754 16726 17938 7909 28 8370 1642 6501 6127 19608 10165 19630 14461 19109 11436 1567 9909 509 1507
12501 15995 17230 15647 7659 9223 4051 162 2360 8618 1691 12318 9043 2733 17563 12678 12198 480 7783 5531 15695 13496 8778 11689 1952 17551
15501 408 19865 19005 6969 3694 4673 2667 5192 6177 11956 2648 9428 398 2872 19048 16407 13598 14171 5478 8798 15345 10592 13976 6586 17432
19768 7626 9565 6490 7444 16767 18990 10948 3471 11730 11693 6265 1187 2492 18966 5041 17249 16140 5499 6857 7199 3493 1841 13951 12130 18586
8215 13494 14013 5131 4037 9364 11349 47 12782 16418 8023 12570 19199 12034 9759 11487 16051 13025 1804 10030 6542 14604 19768 3079 8348 17365
1959 12547 5001 7576 15874 1770 8856 2414 8211 7244 4205 7759 18378 10886 12923 801 14624 14956 15606 9106 18350 4969 2910 19601 16616 10572
8235 4989 1854 7148 18524 7185 13367 5948 18233 467 109 9270 14517 2370 869 13955 11379 11759 1185 4388 10900 12280 140 9792 18341 5376
9086 9213 8947 6702 2660 4993 2492 2526 11587 3289 6291 18159 779 17221 19228 2373 12195 9786 2698 5455 5634 18493 4782 2397 15032 6388
4459 1286 9486 19091 282 10153 16806 9319 13511 13092 4198 15414 18576 12116 14674 560 4962 6472 12090 1439 12880 9915 15087 18080 9625 642
1433 5512 10784 14088 19586 1891 14911 73 6702 5682 19566 672 7556 8225 19347 15109 1190 17512 1385 8771 5317 8575 5103 4853 9070 15322
17480 3131 13510 2357 19318 5663 16512 9925 907 4813 615 12692 4623 14437 13454 17717 17798 17030 4198 13647 13099 11982 7131 15652 10051 11316
14458 6076 17983 16160 8947 8636 864 10119 3578 2611 936 19087 2911 11589 10646 8020 5438 7855 8239 14874 10776 17547 14418 13621 11659 8594
9290 6264 18830 12808 4376 9255 16957 5165 5072 11987 1274 6277 4296 13517 15783 15252 9146 2996 2493 3793 3427 3818 1438 11574 1 4785
8379 12373 15006 120 3854 18118 16898 15021 6897 315 2030 7993 14922 10829 13203 8848 5259 4952 18559 77 5362 12799 4086 5189 15735 15458
661 15820 19045 16721 13281 6464 2673 6101 13168 13094 10974 1361 11811 3729 9846 4005 17658 4849 288 5360 2137 15302 15720 7533 3552 1380
14868 11548 678 15970 16971 18254 3565 1891 8419 5189 5164 16061 5970 16561 5347 13825 7856 19372 16871 11143 9766 16964 6111 6597 7731 11699
6098 15777 19729 13745 5080 18546 6419 3991 10716 15967 2017 4068 18239 9527 13125 18576 18430 7649 13706 10408 9484 12034 14088 2746 14536 14888
18555 9520 3317 17636 1603 709 8512 12590 11358 19460 5550 18353 14197 967 9911 16325 3226 11205 7414 1980 3012 15166 6012 7531 17683 18030
6551 18657 5690 9584 15999 4475 4078 16053 2974 10618 13206 5525 13984 228 3463 19423 10509 7410 13237 16623 15146 19445 9654 13964 6577 1729
4856 15605 15150 15149 13351 9345 15967 17056 19966 16695 16755 13009 13347 3880 4175 11961 14302 4903 13615 5870 9894 2210 16494 3032 8646 6174
16513 6698 188 16558 13571 19032 16652 6267 16237 13040 1132 12401 6754 15292 13382 11538 4946 17459 9469 5541 1759 11769 428 18856 15378 3829
15087 8649 15141 19185 7161 19165 4010 10578 4058 7711 11925 3018 7844 14347 13979 5558 3440 19188 17777 18205 11994 13147 17942 4313 16457 17011
10697 13130 14074 10931 4733 5437 4860 8869 1769 15524 18766 11284 12629 15174 8763 17594 6184 5599 7398 16490 19914 17727 9872 6067 3802 10738
7572 19320 8868 6035 8265 10041 11193 3303 13999 4605 6766 5011 17145 12616 10584 2034 18644 10981 11414 2638 14097 2940 8027 4743 12893 19337
1365 3621 16496 18655 3587 312 7052 12297 13973 9044 18310 1280 5225 10473 17021 8968 8966 496 5948 6030 2803 6156 16176 6157 2136 12164
2044 19791 17070 16975 18062 2347 3303 1457 1899 4272 10147 13729 1728 18100 8274 1912 1415 6993 8533 7334 12845 8701 10121 11875 19108 8890
17637 1563 928 7194 15189 6392 6384 9684 16448 19693 1799 12330 17731 11453 10365 13799 18289 19745 4488 6001 9638 17906 19609 4526 13734 16020
4526 9829 1563 12525 6278 16797 17982 946 6201 8381 10767 96 5942 12598 13260 17590 15230 19711 11757 1768 3639 5131 1988 927 12095 472
4437 9655 13714 2971 4138 718 10460 7990 10789 8565 18741 15755 11422 10533 10900 4774 4950 344 12046 13885 18827 2716 3812 11232 14854 9446
18152 3075 7914 1339 7430 990 16481 3713 6636 4887 14378 4210 6157 11490 15829 8373 15753 16765 3943 5986 6157 4378 9951 3087 1325 11920
7688 11954 19985 16750 5813 12799 8327 13459 2589 371 18427 11493 12664 3491 7318 15627 3825 4024 14590 10220 7762 16432 8231 9807 19126 9842
18109 16437 7663 17900 8974 674 11286 10883 11026 12474 18146 18779 14194 10489 9490 9880 6115 7090 15668 17766 12853 6499 2148 3376 14912 12512
17046 19373 19226 13755 17726 859 5473 951 16565 13225 12305 388 5266 14592 6837 17041 14358 16148 12443 18127 2328 1686 113 15411 8025 10813
3263 2373 5448 15360 6581 13869 17348 6672 10400 1553 15841 16027 7573 17375 7475 10533 924 9678 1800 16017 11368 12076 17517 10630 13609 19399
2689 17492 19108 3404 3469 14702 14132 19832 11687 16765 19814 7106 12923 19004 4067 5497 4731 4553 8889 11220 14107 1551 13608 17723 3466 15594
5118 15632 9398 5379 12477 17998 11017 13407 14169 6970 10846 1228 5603 11540 5701 18249 7659 2689 2721 17780 13962 9338 16598 14599 11839 12581
2795 462 16852 4760 15076 10379 16577 19915 9284 9478 2409 16788 18984 10846 6011 2623 14538 13267 19086 862 853 15116 13273 12851 3285 621
15903 19833 2697 4270 9908 15842 14403 2150 12804 5509 2189 2776 3533 19454 19149 119 8980 9909 5802 4485 1065 12516 3954 2996 2881 19033
17809 1462 7773 6957 7751 493 19629 16496 7019 12843 17680 18781 18997 15224 15026 1168 1326 7876 745 4639 15926 9673 10577 16780 744 3085
6624 8224 9779 15800 4105 18905 14953 16773 10921 9455 16833 9027 393 10848 5753 908 11941 114 14805 18905 19972 2658 1887 3455 6549 9001
1937 16680 2472 3723 120 6804 3673 10358 18587 14044 1957 9128 8019 15651 18898 1380 17228 1408 4417 7804 18842 16970 3323 2440 6324 11098
4556 569 15359 15670 9360 2469 5788 4265 3479 5092 16299 5495 7689 17709 9098 982 6520 11947 16730 3403 6893 18745 3825 3053 6763 15662
14805 4130 2516 6172 19565 18684 13693 15127 12556 10470 3984 8415 4519 2822 8513 5442 2588 6044 9781 5412 8421 9220 11719 4833 8269 17062
9695 10758 14402 4304 14285 4794 14065 10700 421 8172 3979 18717 4346 12108 7196 9896 11461 11122 15187 4380 4957 18023 18687 190 6863 18216
14354 7880 13006 12678 4251 541 8603 8602 19764 17111 15507 2020 6123 9774 5607 11452 11074 15251 12365 8884 3362 13103 10649 3402 1888 12708
10504 14574 9885 10367 19492 5924 15863 4680 6882 2645 11208 2310 17558 176 2701 4365 6759 15186 18838 15169 1286 7981 14444 9527 2177 13423
2900 9138 5449 5309 11571 355 16675 4411 17257 16239 7142 4942 4708 11129 17694 6791 5455 1286 201 12188 3719 13128 3355 7599 4942 10347
14519 8446 14214 5665 11353 5022 4725 10453 15979 14693 3545 4822 16161 3307 4299 2760 12659 18239 3892 6559 18237 16063 14738 2535 11790 6447
230 11169 13503 9092 7446 3291 19437 18661 17553 2182 18789 17476 11596 11274 4952 8840 16262 7842 16185 16236 9898 8367 534 6125 15915 18033
3777 3124 5461 14115 4286 5456 10355 7427 10725 12509 7321 1885 18477 1389 8441 8817 3143 4521 11330 18015 12774 13748 14929 16460 19836 1524
11483 15282 12750 558 10826 18693 11210 690 4835 4155 8350 4858 2711 3484 8477 18386 16372 697 3646 4236 16369 13143 5313 15350 11514 19177
7636 15814 15830 15970 17888 11795 1732 15159 16142 5128 9796 9583 7490 13961 1420 9853 17477 18653 11992 9449 12037 10537 8909 13104 4834 6491
3807 14694 13044 18082 12736 7765 17921 1989 11195 11704 1142 17638 5346 18142 12755 15549 9189 17473 2327 10624 7673 6035 4716 8157 16689 935
14331 8667 7736 4200 19421 3206 2238 7971 18962 899 18192 17099 3351 927 13932 6457 13196 12462 12159 3042 19877 13646 14499 10085 1634 3024
15865 9813 12802 4444 11499 14624 12220 19608 16741 11465 15348 3170 7723 13798 3097 16328 17974 14655 16123 4152 19807 19427 19745 14879 6902 15501
200 3409 15195 19267 11772 9607 10353 19032 19167 1828 8661 14156 15900 8941 10918 4915 17952 9100 9293 14392 7826 11559 750 18886 6016 19020
10227 14017 2410 19961 18122 6252 11259 4615 7368 3668 3881 15968 4692 13657 9041 5087 14464 1256 7096 13053 1472 17816 11944 10021 1809 8991
446 3306 12447 14051 9630 5094 3912 17276 18728 17152 1794 12500 7945 5274 1074 7846 10914 5130 12353 4067 15762 13389 19423 11134 13291 8036
196 17050 8484 19927 16584 10378 3078 1740 14655 17341 19796 12796 8382 2032 12368 16548 10096 15849 18931 15132 2921 1471 7329 12389 2411 14060
12180 11121 1916 15425 17042 12115 17997 12076 14732 14005 10052 105 17448 4616 14608 14699 9499 15580 12532 15528 11046 3150 18049 15820 18488 4467
14374 467 15600 6460 11936 2780 5851 11501 19086 19196 18402 19137 10460 11398 19329 8181 19926 6332 15142 117 495 14249 17149 16786 8050 18123
6023 16852 264 17041 7154 3678 19543 13679 15158 9732 4196 9126 10183 6519 17268 10098 9663 5273 8608 1199 19548 585 18971 12841 15724 15818
14604 6263 19102 518 7775 18434 10190 16183 17779 19233 3051 19107 1103 13572 1514 19424 17535 13822 8239 9517 12182 17911 19917 6387 18523 5958
5197 4433 13036 5487 14295 13439 19312 240 6091 19633 5226 15723 12856 10907 10144 6464 8143 10911 19582 4099 13880 17038 5474 17641 4822 19541
2721 6177 5761 9227 5375 5480 5002 19550 3163 6145 18035 9307 19825 19636 9987 17279 9704 3835 10844 10595 7109 5795 13093 2339 13183 10967
1322 15886 9747 7487 9241 17298 10669 11196 2762 6709 2887 16492 16895 19452 14980 5574 13771 2036 1064 13711 2351 2118 14521 3978 2737 7233
3040 10867 6073 2320 10678 10711 19325 14094 18208 17748 13874 464 726 966 18088 12370 18306 1891 14764 17468 12822 6850 13297 12393 16509 4987
8141 3095 712 19676 9293 11818 6288 9200 3107 7446 11199 10335 13642 18801 13947 5406 17923 15550 9440 8607 10146 9040 13276 6910 9731 17499
16078 12376 15403 10178 14398 16170 19346 8802 13984 18021 15711 14461 9534 1759 5923 4689 15942 9621 19749 7934 9786 15294 13396 18364 19677 5689
1639 211 10225 19459 9113 5766 15730 9961 4125 19119 19787 14074 15395 19756 4981 854 10672 18269 14988 3426 6419 8857 2531 8164 10803 9100
7483 14859 13238 14050 4492 4290 15546 218 7251 7409 18740 2719 2202 19286 13916 11070 14692 812 3228 5275 4137 1403 5772 16838 19578 5477
3676 16794 18793 15018 11426 4802 10146 4656 16139 15610 18330 6044 11000 11382 1726 6298 8332 1152 3454 5587 15981 858 3734 7199 451 4030
3869 8603 6728 10613 5656 19398 9492 12615 17368 11789 16102 3959 4827 2575 17380 17572 4781 8501 10675 14985 2334 1634 12475 10591 14128 17312
7912 13175 11163 7390 6439 15079 9640 11916 16172 12929 6330 17533 6748 18622 13214 5852 12250 424 8617 7666 11373 18294 12529 2582 12784 9173
3457 759 13280 4744 10857 1584 14240 4035 8130 2620 16496 470 18175 16986 692 11384 941 9864 4202 12222 13260 13052 14480 9626 7469 13926
16686 9185 17002 17639 2851 774 9316 9926 5585 1020 4837 13544 9937 11608 7224 6262 17336 19143 18266 5 15086 2964 17285 10102 4929 12143
16666 14343 13071 19562 10002 17929 9988 4696 1031 14547 2588 2511 18348 16534 3851 5231 12008 581 19292 10011 18456 1445 4349 18685 4804 5244
1043 10465 4830 9154 899 19818 3486 13115 15727 3189 2057 10310 621 3701 16270 10547 15287 9529 4696 5712 13517 15929 10640 7796 3769 13846
12918 6375 96 17811 3451 1494 1401 7038 9254 3096 8855 8782 5243 519 3511 8477 5993 19697 3233 3682 8548 12879 11553 19762 9644 11988
13877 30 15610 15015 191 13374 4636 19452 6027 18070 10033 14789 10242 16851 13085 10721 8828 14774 5779 918 18151 15722 13385 11093 3917 12588
15341 4198 9749 5841 13383 12478 6287 17963 1317 3616 426 4405 3292 9999 7192 18250 863 1166 2472 5251 3926 6443 12266 17948 16998 13101
11646 13159 8324 17778 13526 10662 4935 5729 13883 5788 3508 7158 8474 14060 15215 19356 5605 12855 4285 9126 5109 2853 6333 3478 8482 7697
16797 17770 10178 9816 15287 3933 19918 18122 8110 4082 4619 6795 9554 1615 4783 8734 17197 12048 10673 16071 11233 6154 2535 7945 8275 14334
12051 7896 7935 2918 8231 12777 11222 18104 19378 4065 7141 17422 18855 6532 7411 10321 9518 19108 3549 19346 3526 16965 3459 4906 7570 11710
19301 19304 5227 3438 1920 5486 19106 14856 15466 18102 12970 14858 12495 18219 15471 5604 900 8503 1805 5601 14918 7098 12929 9409 631 9637
16804 4678 12491 14957 13616 10441 7928 18153 10811 14833 8345 7659 14932 18477 3743 11511 4782 13419 11491 16814 12157 5211 5501 12522 15989 13070
14031 13030 19752 18621 14330 16035 17629 5063 17382 7054 15985 10252 3806 7471 6171 3506 3631 14128 12867 4884 327 1937 19608 7165 2395 6796
14243 15438 17454 1069 19630 6635 12391 6071 13070 9853 9631 769 17779 2393 8639 17903 15280 19390 12267 12031 11677 18374 15341 4174 2626 13493
4565 9057 19100 6921 14580 2810 13882 3791 4375 14332 10581 11259 8214 15704 12696 1349 10066 10799 10628 981 18006 14071 4659 10272 10087 8580
18310 19338 12630 17312 18044 13442 14503 12984 12131 19396 9710 8194 14989 5266 2814 4840 15792 13150 2038 1998 567 10003 8230 13270 13206 13899
6616 1602 2329 14806 847 12164 427 10330 10996 19948 6130 17898 14959 17320 17163 2700 9063 5109 1879 2967 11546 9606 10729 7082 922 16247
18864 19514 12977 14809 18633 10235 15928 11324 2941 6436 16627 18080 3777 5199 1979 15965 7497 15926 1362 11583 9409 7667 3995 9344 18062 3775
8183 13858 11300 11541 4663 13661 2667 5652 18432 8422 11276 15761 2745 1034 10333 5265 9733 14790 5734 7368 440 19578 11857 13290 8913 5258
