19
17
6
4
21
8
12
20
22
13
23
3
7
19
9
2
15
20
1
14
24
16
26
12
25
13
6
17
8
7
4
10
12
11
22
2
19
16
23
13
20
9
3
21
24
25
26
4
8
7
1
12
6
19
20
17
14
16
10
22
1
2
13
23
24
4
3
12
9
20
19
8
11
14
16
25
2
7
15
22
3
26
21
19
18
6
12
13
10
17
23
24
9
4
8
16
1
12
3
20
7
14
22
13
11
19
2
17
6
15
16
26
9
24
23
25
4
7
8
3
10
12
19
13
9
17
20
26
2
21
22
6
16
14
8
4
1
7
11
23
12
19
24
18
13
6
2
9
3
10
20
17
12
16
25
8
26
7
22
6
24
4
19
21
23
12
14
2
10
20
13
15
4
22
8
7
11
16
1
17
3
9
2
26
24
19
6
18
25
10
22
12
4
9
13
7
16
23
11
8
21
20
19
6
12
1
7
14
2
3
17
25
26
9
24
4
10
15
16
13
22
11
20
12
19
2
1
3
23
4
8
13
9
7
17
22
25
21
6
24
20
12
7
16
23
4
2
14
9
19
13
3
25
10
8
26
20
2
12
1
17
18
24
6
7
13
22
23
8
4
16
21
19
15
3
1
13
24
9
12
4
11
17
20
7
8
2
14
10
25
22
23
6
19
16
26
4
3
13
18
21
1
25
12
20
7
24
9
8
2
13
6
17
22
1
23
10
19
15
21
11
24
16
3
14
12
8
26
4
9
20
7
12
23
6
19
13
2
17
4
7
10
25
3
16
22
14
1
19
6
4
8
24
9
7
12
2
20
23
13
21
17
10
2
22
