1 0

2 0

3 0

4 0

5 0

6 0

7 0

8 0

9 0

10 1
11 0

12 1
13 0

14 1
15 0

16 1
17 0

18 1
19 0

20 2
21 1
22 0

23 2
24 1
25 0

26 2
27 1
28 0

29 2
30 3
31 1
32 0

33 2
34 3
35 1
36 0

37 2
38 3
39 1
40 4
41 0

42 2
43 3
44 1
45 4
46 0

47 2
48 3
49 1
50 5
51 4
52 0

53 2
54 3
55 1
56 5
57 4
58 0

59 2
60 6
61 3
62 1
63 5
64 4
65 0

66 2
67 6
68 3
69 1
70 7
71 5
72 4
73 0

74 2
75 6
76 3
77 1
78 7
79 5
80 8
81 4
82 0
83 2
84 6
85 3
86 1
87 7
88 5
89 8
90 9
91 4
92 0
93 2
94 6
95 3
96 1
97 7
98 5
99 8
100 10
101 9
102 4
103 0
104 2
105 6
106 3
107 1
108 7
109 5
110 11
111 8
112 10
113 9
114 4
115 0
116 2
117 6
118 3
119 1
120 12
121 7
122 5
123 11
124 8
125 10
126 9
127 4
128 0
129 2
130 13
131 6
132 3
133 1
134 12
135 7
136 5
137 11
138 8
139 10
140 14
141 9
142 4
143 0
144 2
145 13
146 6
147 3
148 1
149 12
150 15
151 7
152 5
153 11
154 8
155 10
156 14
157 9
158 4
159 0
160 16
161 2
162 13
163 6
164 3
165 1
166 12
167 15
168 7
169 5
170 17
171 11
172 8
173 10
174 14
175 9
176 4
177 0
178 16
179 2
180 18
181 13
182 6
183 3
184 1
185 12
186 15
187 7
188 5
189 17
190 19
191 11
192 8
193 10
194 14
195 9
196 4
197 0
198 16
199 2
200 20
201 18
202 13
203 6
204 3
205 1
206 12
207 15
208 7
209 5
210 21
211 17
212 19
213 11
214 8
215 10
216 14
217 9
218 4
219 0
220 22
221 16
222 2
223 20
224 18
225 13
226 6
227 3
228 1
229 12
230 23
231 15
232 7
233 5
234 21
235 17
236 19
237 11
238 8
239 10
240 24
241 14
242 9
243 4
244 0
245 22
246 16
247 2
248 20
249 18
250 25
251 13
252 6
253 3
254 1
255 12
256 23
257 15
258 7
259 5
260 26
261 21
262 17
263 19
264 11
265 8
266 10
267 24
268 14
269 9
270 27
271 4
272 0
273 22
274 16
275 2
276 20
277 18
278 25
279 13
280 28
281 6
282 3
283 1
284 12
285 23
286 15
287 7
288 5
289 26
290 29
291 21
292 17
293 19
294 11
295 8
296 10
297 24
298 14
299 9
300 30
301 27
302 4
303 0
304 22
305 16
306 2
307 20
308 18
309 25
310 31
311 13
312 28
313 6
314 3
315 1
316 12
317 23
318 15
319 7
320 32
321 5
322 26
323 29
324 21
325 17
326 19
327 11
328 8
329 10
330 33
331 24
332 14
333 9
334 30
335 27
336 4
337 0
338 22
339 16
340 34
341 2
342 20
343 18
344 25
345 31
346 13
347 28
348 6
349 3
350 35
351 1
352 12
353 23
354 15
355 7
356 32
357 5
358 26
359 29
360 36
361 21
362 17
363 19
364 11
365 8
366 10
367 33
368 24
369 14
370 37
371 9
372 30
373 27
374 4
375 0
376 22
377 16
378 34
379 2
380 38
381 20
382 18
383 25
384 31
385 13
386 28
387 6
388 3
389 35
390 39
391 1
392 12
393 23
394 15
395 7
396 32
397 5
398 26
399 29
400 40
401 36
402 21
403 17
404 19
405 11
406 8
407 10
408 33
409 24
410 41
411 14
412 37
413 9
414 30
415 27
416 4
417 0
418 22
419 16
420 42
421 34
422 2
423 38
424 20
425 18
426 25
427 31
428 13
429 28
430 43
431 6
432 3
433 35
434 39
435 1
436 12
437 23
438 15
439 7
440 44
441 32
442 5
443 26
444 29
445 40
446 36
447 21
448 17
449 19
450 45
451 11
452 8
453 10
454 33
455 24
456 41
457 14
458 37
459 9
460 46
461 30
462 27
463 4
464 0
465 22
466 16
467 42
468 34
469 2
470 47
471 38
472 20
473 18
474 25
475 31
476 13
477 28
478 43
479 6
480 48
481 3
482 35
483 39
484 1
485 12
486 23
487 15
488 7
489 44
490 49
491 32
492 5
493 26
494 29
495 40
496 36
497 21
498 17
499 19
500 50
501 45
502 11
503 8
504 10
505 33
506 24
507 41
508 14
509 37
510 51
511 9
512 46
513 30
514 27
515 4
516 0
517 22
518 16
519 42
520 52
521 34
522 2
523 47
524 38
525 20
526 18
527 25
528 31
529 13
530 53
531 28
532 43
533 6
534 48
535 3
536 35
537 39
538 1
539 12
540 54
541 23
542 15
543 7
544 44
545 49
546 32
547 5
548 26
549 29
550 55
551 40
552 36
553 21
554 17
555 19
556 50
557 45
558 11
559 8
560 56
561 10
562 33
563 24
564 41
565 14
566 37
567 51
568 9
569 46
570 57
571 30
572 27
573 4
574 0
575 22
576 16
577 42
578 52
579 34
580 58
581 2
582 47
583 38
584 20
585 18
586 25
587 31
588 13
589 53
590 59
591 28
592 43
593 6
594 48
595 3
596 35
597 39
598 1
599 12
600 60
601 54
602 23
603 15
604 7
605 44
606 49
607 32
608 5
609 26
610 61
611 29
612 55
613 40
614 36
615 21
616 17
617 19
618 50
619 45
620 62
621 11
622 8
623 56
624 10
625 33
626 24
627 41
628 14
629 37
630 63
631 51
632 9
633 46
634 57
635 30
636 27
637 4
638 0
639 22
640 64
641 16
642 42
643 52
644 34
645 58
646 2
647 47
648 38
649 20
650 65
651 18
652 25
653 31
654 13
655 53
656 59
657 28
658 43
659 6
660 66
661 48
662 3
663 35
664 39
665 1
666 12
667 60
668 54
669 23
670 67
671 15
672 7
673 44
674 49
675 32
676 5
677 26
678 61
679 29
680 68
681 55
682 40
683 36
684 21
685 17
686 19
687 50
688 45
689 62
690 69
691 11
692 8
693 56
694 10
695 33
696 24
697 41
698 14
699 37
700 70
701 63
702 51
703 9
704 46
705 57
706 30
707 27
708 4
709 0
710 71
711 22
712 64
713 16
714 42
715 52
716 34
717 58
718 2
719 47
720 72
721 38
722 20
723 65
724 18
725 25
726 31
727 13
728 53
729 59
730 73
731 28
732 43
733 6
734 66
735 48
736 3
737 35
738 39
739 1
740 74
741 12
742 60
743 54
744 23
745 67
746 15
747 7
748 44
749 49
750 75
751 32
752 5
753 26
754 61
755 29
756 68
757 55
758 40
759 36
760 76
761 21
762 17
763 19
764 50
765 45
766 62
767 69
768 11
769 8
770 77
771 56
772 10
773 33
774 24
775 41
776 14
777 37
778 70
779 63
780 78
781 51
782 9
783 46
784 57
785 30
786 27
787 4
788 0
789 71
790 79
791 22
792 64
793 16
794 42
795 52
796 34
797 58
798 2
799 47
800 80
801 72
802 38
803 20
804 65
805 18
806 25
807 31
808 13
809 53
810 81
811 59
812 73
813 28
814 43
815 6
816 66
817 48
818 3
819 35
820 82
821 39
822 1
823 74
824 12
825 60
826 54
827 23
828 67
829 15
830 83
831 7
832 44
833 49
834 75
835 32
836 5
837 26
838 61
839 29
840 84
841 68
842 55
843 40
844 36
845 76
846 21
847 17
848 19
849 50
850 85
851 45
852 62
853 69
854 11
855 8
856 77
857 56
858 10
859 33
860 86
861 24
862 41
863 14
864 37
865 70
866 63
867 78
868 51
869 9
870 87
871 46
872 57
873 30
874 27
875 4
876 0
877 71
878 79
879 22
880 88
881 64
882 16
883 42
884 52
885 34
886 58
887 2
888 47
889 80
890 89
891 72
892 38
893 20
894 65
895 18
896 25
897 31
898 13
899 53
900 90
901 81
902 59
903 73
904 28
905 43
906 6
907 66
908 48
909 3
910 91
911 35
912 82
913 39
914 1
915 74
916 12
917 60
918 54
919 23
920 92
921 67
922 15
923 83
924 7
925 44
926 49
927 75
928 32
929 5
930 93
931 26
932 61
933 29
934 84
935 68
936 55
937 40
938 36
939 76
940 94
941 21
942 17
943 19
944 50
945 85
946 45
947 62
948 69
949 11
950 95
951 8
952 77
953 56
954 10
955 33
956 86
957 24
958 41
959 14
960 96
961 37
962 70
963 63
964 78
965 51
966 9
967 87
968 46
969 57
970 97
971 30
972 27
973 4
974 0
975 71
976 79
977 22
978 88
979 64
980 98
981 16
982 42
983 52
984 34
985 58
986 2
987 47
988 80
989 89
990 99
991 72
992 38
993 20
994 65
995 18
996 25
997 31
998 13
999 53
1000 100
1001 90
1002 81
1003 59
1004 73
1005 28
1006 43
1007 6
1008 66
1009 48
1010 101
1011 3
1012 91
1013 35
1014 82
1015 39
1016 1
1017 74
1018 12
1019 60
1020 102
1021 54
1022 23
1023 92
1024 67
1025 15
1026 83
1027 7
1028 44
1029 49
1030 103
1031 75
1032 32
1033 5
1034 93
1035 26
1036 61
1037 29
1038 84
1039 68
1040 104
1041 55
1042 40
1043 36
1044 76
1045 94
1046 21
1047 17
1048 19
1049 50
1050 105
1051 85
1052 45
1053 62
1054 69
1055 11
1056 95
1057 8
1058 77
1059 56
1060 106
1061 10
1062 33
1063 86
1064 24
1065 41
1066 14
1067 96
1068 37
1069 70
1070 107
1071 63
1072 78
1073 51
1074 9
1075 87
1076 46
1077 57
1078 97
1079 30
1080 108
1081 27
1082 4
1083 0
1084 71
1085 79
1086 22
1087 88
1088 64
1089 98
1090 109
1091 16
1092 42
1093 52
1094 34
1095 58
1096 2
1097 47
1098 80
1099 89
1100 110
1101 99
1102 72
1103 38
1104 20
1105 65
1106 18
1107 25
1108 31
1109 13
1110 111
1111 53
1112 100
1113 90
1114 81
1115 59
1116 73
1117 28
1118 43
1119 6
1120 112
1121 66
1122 48
1123 101
1124 3
1125 91
1126 35
1127 82
1128 39
1129 1
1130 113
1131 74
1132 12
1133 60
1134 102
1135 54
1136 23
1137 92
1138 67
1139 15
1140 114
1141 83
1142 7
1143 44
1144 49
1145 103
1146 75
1147 32
1148 5
1149 93
1150 115
1151 26
1152 61
1153 29
1154 84
1155 68
1156 104
1157 55
1158 40
1159 36
1160 116
1161 76
1162 94
1163 21
1164 17
1165 19
1166 50
1167 105
1168 85
1169 45
1170 117
1171 62
1172 69
1173 11
1174 95
1175 8
1176 77
1177 56
1178 106
1179 10
1180 118
1181 33
1182 86
1183 24
1184 41
1185 14
1186 96
1187 37
1188 70
1189 107
1190 119
1191 63
1192 78
1193 51
1194 9
1195 87
1196 46
1197 57
1198 97
1199 30
1200 120
1201 108
1202 27
1203 4
1204 0
1205 71
1206 79
1207 22
1208 88
1209 64
1210 121
1211 98
1212 109
1213 16
1214 42
1215 52
1216 34
1217 58
1218 2
1219 47
1220 122
1221 80
1222 89
1223 110
1224 99
1225 72
1226 38
1227 20
1228 65
1229 18
1230 123
1231 25
1232 31
1233 13
1234 111
1235 53
1236 100
1237 90
1238 81
1239 59
1240 124
1241 73
1242 28
1243 43
1244 6
1245 112
1246 66
1247 48
1248 101
1249 3
1250 125
1251 91
1252 35
1253 82
1254 39
1255 1
1256 113
1257 74
1258 12
1259 60
1260 126
1261 102
1262 54
1263 23
1264 92
1265 67
1266 15
1267 114
1268 83
1269 7
1270 127
1271 44
1272 49
1273 103
1274 75
1275 32
1276 5
1277 93
1278 115
1279 26
1280 128
1281 61
1282 29
1283 84
1284 68
1285 104
1286 55
1287 40
1288 36
1289 116
1290 129
1291 76
1292 94
1293 21
1294 17
1295 19
1296 50
1297 105
1298 85
1299 45
1300 130
1301 117
1302 62
1303 69
1304 11
1305 95
1306 8
1307 77
1308 56
1309 106
1310 131
1311 10
1312 118
1313 33
1314 86
1315 24
1316 41
1317 14
1318 96
1319 37
1320 132
1321 70
1322 107
1323 119
1324 63
1325 78
1326 51
1327 9
1328 87
1329 46
1330 133
1331 57
1332 97
1333 30
1334 120
1335 108
1336 27
1337 4
1338 0
1339 71
1340 134
1341 79
1342 22
1343 88
1344 64
1345 121
1346 98
1347 109
1348 16
1349 42
1350 135
1351 52
1352 34
1353 58
1354 2
1355 47
1356 122
1357 80
1358 89
1359 110
1360 136
1361 99
1362 72
1363 38
1364 20
1365 65
1366 18
1367 123
1368 25
1369 31
1370 137
1371 13
1372 111
1373 53
1374 100
1375 90
1376 81
1377 59
1378 124
1379 73
1380 138
1381 28
1382 43
1383 6
1384 112
1385 66
1386 48
1387 101
1388 3
1389 125
1390 139
1391 91
1392 35
1393 82
1394 39
1395 1
1396 113
1397 74
1398 12
1399 60
1400 140
1401 126
1402 102
1403 54
1404 23
1405 92
1406 67
1407 15
1408 114
1409 83
1410 141
1411 7
1412 127
1413 44
1414 49
1415 103
1416 75
1417 32
1418 5
1419 93
1420 142
1421 115
1422 26
1423 128
1424 61
1425 29
1426 84
1427 68
1428 104
1429 55
1430 143
1431 40
1432 36
1433 116
1434 129
1435 76
1436 94
1437 21
1438 17
1439 19
1440 144
1441 50
1442 105
1443 85
1444 45
1445 130
1446 117
1447 62
1448 69
1449 11
1450 145
1451 95
1452 8
1453 77
1454 56
1455 106
1456 131
1457 10
1458 118
1459 33
1460 146
1461 86
1462 24
1463 41
1464 14
1465 96
1466 37
1467 132
1468 70
1469 107
1470 147
1471 119
1472 63
1473 78
1474 51
1475 9
1476 87
1477 46
1478 133
1479 57
1480 148
1481 97
1482 30
1483 120
1484 108
1485 27
1486 4
1487 0
1488 71
1489 134
1490 149
1491 79
1492 22
1493 88
1494 64
1495 121
1496 98
1497 109
1498 16
1499 42
1500 150
1501 135
1502 52
1503 34
1504 58
1505 2
1506 47
1507 122
1508 80
1509 89
1510 151
1511 110
1512 136
1513 99
1514 72
1515 38
1516 20
1517 65
1518 18
1519 123
1520 152
1521 25
1522 31
1523 137
1524 13
1525 111
1526 53
1527 100
1528 90
1529 81
1530 153
1531 59
1532 124
1533 73
1534 138
1535 28
1536 43
1537 6
1538 112
1539 66
1540 154
1541 48
1542 101
1543 3
1544 125
1545 139
1546 91
1547 35
1548 82
1549 39
1550 155
1551 1
1552 113
1553 74
1554 12
1555 60
1556 140
1557 126
1558 102
1559 54
1560 156
1561 23
1562 92
1563 67
1564 15
1565 114
1566 83
1567 141
1568 7
1569 127
1570 157
1571 44
1572 49
1573 103
1574 75
1575 32
1576 5
1577 93
1578 142
1579 115
1580 158
1581 26
1582 128
1583 61
1584 29
1585 84
1586 68
1587 104
1588 55
1589 143
1590 159
1591 40
1592 36
1593 116
1594 129
1595 76
1596 94
1597 21
1598 17
1599 19
1600 160
1601 144
1602 50
1603 105
1604 85
1605 45
1606 130
1607 117
1608 62
1609 69
1610 161
1611 11
1612 145
1613 95
1614 8
1615 77
1616 56
1617 106
1618 131
1619 10
1620 162
1621 118
1622 33
1623 146
1624 86
1625 24
1626 41
1627 14
1628 96
1629 37
1630 163
1631 132
1632 70
1633 107
1634 147
1635 119
1636 63
1637 78
1638 51
1639 9
1640 164
1641 87
1642 46
1643 133
1644 57
1645 148
1646 97
1647 30
1648 120
1649 108
1650 165
1651 27
1652 4
1653 0
1654 71
1655 134
1656 149
1657 79
1658 22
1659 88
1660 166
1661 64
1662 121
1663 98
1664 109
1665 16
1666 42
1667 150
1668 135
1669 52
1670 167
1671 34
1672 58
1673 2
1674 47
1675 122
1676 80
1677 89
1678 151
1679 110
1680 168
1681 136
1682 99
1683 72
1684 38
1685 20
1686 65
1687 18
1688 123
1689 152
1690 169
1691 25
1692 31
1693 137
1694 13
1695 111
1696 53
1697 100
1698 90
1699 81
1700 170
1701 153
1702 59
1703 124
1704 73
1705 138
1706 28
1707 43
1708 6
1709 112
1710 171
1711 66
1712 154
1713 48
1714 101
1715 3
1716 125
1717 139
1718 91
1719 35
1720 172
1721 82
1722 39
1723 155
1724 1
1725 113
1726 74
1727 12
1728 60
1729 140
1730 173
1731 126
1732 102
1733 54
1734 156
1735 23
1736 92
1737 67
1738 15
1739 114
1740 174
1741 83
1742 141
1743 7
1744 127
1745 157
1746 44
1747 49
1748 103
1749 75
1750 175
1751 32
1752 5
1753 93
1754 142
1755 115
1756 158
1757 26
1758 128
1759 61
1760 176
1761 29
1762 84
1763 68
1764 104
1765 55
1766 143
1767 159
1768 40
1769 36
1770 177
1771 116
1772 129
1773 76
1774 94
1775 21
1776 17
1777 19
1778 160
1779 144
1780 178
1781 50
1782 105
1783 85
1784 45
1785 130
1786 117
1787 62
1788 69
1789 161
1790 179
1791 11
1792 145
1793 95
1794 8
1795 77
1796 56
1797 106
1798 131
1799 10
1800 180
1801 162
1802 118
1803 33
1804 146
1805 86
1806 24
1807 41
1808 14
1809 96
1810 181
1811 37
1812 163
1813 132
1814 70
1815 107
1816 147
1817 119
1818 63
1819 78
1820 182
1821 51
1822 9
1823 164
1824 87
1825 46
1826 133
1827 57
1828 148
1829 97
1830 183
1831 30
1832 120
1833 108
1834 165
1835 27
1836 4
1837 0
1838 71
1839 134
1840 184
1841 149
1842 79
1843 22
1844 88
1845 166
1846 64
1847 121
1848 98
1849 109
1850 185
1851 16
1852 42
1853 150
1854 135
1855 52
1856 167
1857 34
1858 58
1859 2
1860 186
1861 47
1862 122
1863 80
1864 89
1865 151
1866 110
1867 168
1868 136
1869 99
1870 187
1871 72
1872 38
1873 20
1874 65
1875 18
1876 123
1877 152
1878 169
1879 25
1880 188
1881 31
1882 137
1883 13
1884 111
1885 53
1886 100
1887 90
1888 81
1889 170
1890 189
1891 153
1892 59
1893 124
1894 73
1895 138
1896 28
1897 43
1898 6
1899 112
1900 190
1901 171
1902 66
1903 154
1904 48
1905 101
1906 3
1907 125
1908 139
1909 91
1910 191
1911 35
1912 172
1913 82
1914 39
1915 155
1916 1
1917 113
1918 74
1919 12
1920 192
1921 60
1922 140
1923 173
1924 126
1925 102
1926 54
1927 156
1928 23
1929 92
1930 193
1931 67
1932 15
1933 114
1934 174
1935 83
1936 141
1937 7
1938 127
1939 157
1940 194
1941 44
1942 49
1943 103
1944 75
1945 175
1946 32
1947 5
1948 93
1949 142
1950 195
1951 115
1952 158
1953 26
1954 128
1955 61
1956 176
1957 29
1958 84
1959 68
1960 196
1961 104
1962 55
1963 143
1964 159
1965 40
1966 36
1967 177
1968 116
1969 129
1970 197
1971 76
1972 94
1973 21
1974 17
1975 19
1976 160
1977 144
1978 178
1979 50
1980 198
1981 105
1982 85
1983 45
1984 130
1985 117
1986 62
1987 69
1988 161
1989 179
1990 199
1991 11
1992 145
1993 95
1994 8
1995 77
1996 56
1997 106
1998 131
1999 10
2000 200
2001 180
2002 162
2003 118
2004 33
2005 146
2006 86
2007 24
2008 41
2009 14
2010 201
2011 96
2012 181
2013 37
2014 163
2015 132
2016 70
2017 107
2018 147
2019 119
2020 202
2021 63
2022 78
2023 182
2024 51
2025 9
2026 164
2027 87
2028 46
2029 133
2030 203
2031 57
2032 148
2033 97
2034 183
2035 30
2036 120
2037 108
2038 165
2039 27
2040 204
2041 4
2042 0
2043 71
2044 134
2045 184
2046 149
2047 79
2048 22
2049 88
2050 205
2051 166
2052 64
2053 121
2054 98
2055 109
2056 185
2057 16
2058 42
2059 150
2060 206
2061 135
2062 52
2063 167
2064 34
2065 58
2066 2
2067 186
2068 47
2069 122
2070 207
2071 80
2072 89
2073 151
2074 110
2075 168
2076 136
2077 99
2078 187
2079 72
2080 208
2081 38
2082 20
2083 65
2084 18
2085 123
2086 152
2087 169
2088 25
2089 188
2090 209
2091 31
2092 137
2093 13
2094 111
2095 53
2096 100
2097 90
2098 81
2099 170
2100 210
2101 189
2102 153
2103 59
2104 124
2105 73
2106 138
2107 28
2108 43
2109 6
2110 211
2111 112
2112 190
2113 171
2114 66
2115 154
2116 48
2117 101
2118 3
2119 125
2120 212
2121 139
2122 91
2123 191
2124 35
2125 172
2126 82
2127 39
2128 155
2129 1
2130 213
2131 113
2132 74
2133 12
2134 192
2135 60
2136 140
2137 173
2138 126
2139 102
2140 214
2141 54
2142 156
2143 23
2144 92
2145 193
2146 67
2147 15
2148 114
2149 174
2150 215
2151 83
2152 141
2153 7
2154 127
2155 157
2156 194
2157 44
2158 49
2159 103
2160 216
2161 75
2162 175
2163 32
2164 5
2165 93
2166 142
2167 195
2168 115
2169 158
2170 217
2171 26
2172 128
2173 61
2174 176
2175 29
2176 84
2177 68
2178 196
2179 104
2180 218
2181 55
2182 143
2183 159
2184 40
2185 36
2186 177
2187 116
2188 129
2189 197
2190 219
2191 76
2192 94
2193 21
2194 17
2195 19
2196 160
2197 144
2198 178
2199 50
2200 220
2201 198
2202 105
2203 85
2204 45
2205 130
2206 117
2207 62
2208 69
2209 161
2210 221
2211 179
2212 199
2213 11
2214 145
2215 95
2216 8
2217 77
2218 56
2219 106
2220 222
2221 131
2222 10
2223 200
2224 180
2225 162
2226 118
2227 33
2228 146
2229 86
2230 223
2231 24
2232 41
2233 14
2234 201
2235 96
2236 181
2237 37
2238 163
2239 132
2240 224
2241 70
2242 107
2243 147
2244 119
2245 202
2246 63
2247 78
2248 182
2249 51
2250 225
2251 9
2252 164
2253 87
2254 46
2255 133
2256 203
2257 57
2258 148
2259 97
2260 226
2261 183
2262 30
2263 120
2264 108
2265 165
2266 27
2267 204
2268 4
2269 0
2270 227
2271 71
2272 134
2273 184
2274 149
2275 79
2276 22
2277 88
2278 205
2279 166
2280 228
2281 64
2282 121
2283 98
2284 109
2285 185
2286 16
2287 42
2288 150
2289 206
2290 229
2291 135
2292 52
2293 167
2294 34
2295 58
2296 2
2297 186
2298 47
2299 122
2300 230
2301 207
2302 80
2303 89
2304 151
2305 110
2306 168
2307 136
2308 99
2309 187
2310 231
2311 72
2312 208
2313 38
2314 20
2315 65
2316 18
2317 123
2318 152
2319 169
2320 232
2321 25
2322 188
2323 209
2324 31
2325 137
2326 13
2327 111
2328 53
2329 100
2330 233
2331 90
2332 81
2333 170
2334 210
2335 189
2336 153
2337 59
2338 124
2339 73
2340 234
2341 138
2342 28
2343 43
2344 6
2345 211
2346 112
2347 190
2348 171
2349 66
2350 235
2351 154
2352 48
2353 101
2354 3
2355 125
2356 212
2357 139
2358 91
2359 191
2360 236
2361 35
2362 172
2363 82
2364 39
2365 155
2366 1
2367 213
2368 113
2369 74
2370 237
2371 12
2372 192
2373 60
2374 140
2375 173
2376 126
2377 102
2378 214
2379 54
2380 238
2381 156
2382 23
2383 92
2384 193
2385 67
2386 15
2387 114
2388 174
2389 215
2390 239
2391 83
2392 141
2393 7
2394 127
2395 157
2396 194
2397 44
2398 49
2399 103
2400 240
2401 216
2402 75
2403 175
2404 32
2405 5
2406 93
2407 142
2408 195
2409 115
2410 241
2411 158
2412 217
2413 26
2414 128
2415 61
2416 176
2417 29
2418 84
2419 68
2420 242
2421 196
2422 104
2423 218
2424 55
2425 143
2426 159
2427 40
2428 36
2429 177
2430 243
2431 116
2432 129
2433 197
2434 219
2435 76
2436 94
2437 21
2438 17
2439 19
2440 244
2441 160
2442 144
2443 178
2444 50
2445 220
2446 198
2447 105
2448 85
2449 45
2450 245
2451 130
2452 117
2453 62
2454 69
2455 161
2456 221
2457 179
2458 199
2459 11
2460 246
2461 145
2462 95
2463 8
2464 77
2465 56
2466 106
2467 222
2468 131
2469 10
2470 247
2471 200
2472 180
2473 162
2474 118
2475 33
2476 146
2477 86
2478 223
2479 24
2480 248
2481 41
2482 14
2483 201
2484 96
2485 181
2486 37
2487 163
2488 132
2489 224
2490 249
2491 70
2492 107
2493 147
2494 119
2495 202
2496 63
2497 78
2498 182
2499 51
2500 250
2501 225
2502 9
2503 164
2504 87
2505 46
2506 133
2507 203
2508 57
2509 148
2510 251
2511 97
2512 226
2513 183
2514 30
2515 120
2516 108
2517 165
2518 27
2519 204
2520 252
2521 4
2522 0
2523 227
2524 71
2525 134
2526 184
2527 149
2528 79
2529 22
2530 253
2531 88
2532 205
2533 166
2534 228
2535 64
2536 121
2537 98
2538 109
2539 185
2540 254
2541 16
2542 42
2543 150
2544 206
2545 229
2546 135
2547 52
2548 167
2549 34
2550 255
2551 58
2552 2
2553 186
2554 47
2555 122
2556 230
2557 207
2558 80
2559 89
2560 256
2561 151
2562 110
2563 168
2564 136
2565 99
2566 187
2567 231
2568 72
2569 208
2570 257
2571 38
2572 20
2573 65
2574 18
2575 123
2576 152
2577 169
2578 232
2579 25
2580 258
2581 188
2582 209
2583 31
2584 137
2585 13
2586 111
2587 53
2588 100
2589 233
2590 259
2591 90
2592 81
2593 170
2594 210
2595 189
2596 153
2597 59
2598 124
2599 73
2600 260
2601 234
2602 138
2603 28
2604 43
2605 6
2606 211
2607 112
2608 190
2609 171
2610 261
2611 66
2612 235
2613 154
2614 48
2615 101
2616 3
2617 125
2618 212
2619 139
2620 262
2621 91
2622 191
2623 236
2624 35
2625 172
2626 82
2627 39
2628 155
2629 1
2630 263
2631 213
2632 113
2633 74
2634 237
2635 12
2636 192
2637 60
2638 140
2639 173
2640 264
2641 126
2642 102
2643 214
2644 54
2645 238
2646 156
2647 23
2648 92
2649 193
2650 265
2651 67
2652 15
2653 114
2654 174
2655 215
2656 239
2657 83
2658 141
2659 7
2660 266
2661 127
2662 157
2663 194
2664 44
2665 49
2666 103
2667 240
2668 216
2669 75
2670 267
2671 175
2672 32
2673 5
2674 93
2675 142
2676 195
2677 115
2678 241
2679 158
2680 268
2681 217
2682 26
2683 128
2684 61
2685 176
2686 29
2687 84
2688 68
2689 242
2690 269
2691 196
2692 104
2693 218
2694 55
2695 143
2696 159
2697 40
2698 36
2699 177
2700 270
2701 243
2702 116
2703 129
2704 197
2705 219
2706 76
2707 94
2708 21
2709 17
2710 271
2711 19
2712 244
2713 160
2714 144
2715 178
2716 50
2717 220
2718 198
2719 105
2720 272
2721 85
2722 45
2723 245
2724 130
2725 117
2726 62
2727 69
2728 161
2729 221
2730 273
2731 179
2732 199
2733 11
2734 246
2735 145
2736 95
2737 8
2738 77
2739 56
2740 274
2741 106
2742 222
2743 131
2744 10
2745 247
2746 200
2747 180
2748 162
2749 118
2750 275
2751 33
2752 146
2753 86
2754 223
2755 24
2756 248
2757 41
2758 14
2759 201
2760 276
2761 96
2762 181
2763 37
2764 163
2765 132
2766 224
2767 249
2768 70
2769 107
2770 277
2771 147
2772 119
2773 202
2774 63
2775 78
2776 182
2777 51
2778 250
2779 225
2780 278
2781 9
2782 164
2783 87
2784 46
2785 133
2786 203
2787 57
2788 148
2789 251
2790 279
2791 97
2792 226
2793 183
2794 30
2795 120
2796 108
2797 165
2798 27
2799 204
2800 280
2801 252
2802 4
2803 0
2804 227
2805 71
2806 134
2807 184
2808 149
2809 79
2810 281
2811 22
2812 253
2813 88
2814 205
2815 166
2816 228
2817 64
2818 121
2819 98
2820 282
2821 109
2822 185
2823 254
2824 16
2825 42
2826 150
2827 206
2828 229
2829 135
2830 283
2831 52
2832 167
2833 34
2834 255
2835 58
2836 2
2837 186
2838 47
2839 122
2840 284
2841 230
2842 207
2843 80
2844 89
2845 256
2846 151
2847 110
2848 168
2849 136
2850 285
2851 99
2852 187
2853 231
2854 72
2855 208
2856 257
2857 38
2858 20
2859 65
2860 286
2861 18
2862 123
2863 152
2864 169
2865 232
2866 25
2867 258
2868 188
2869 209
2870 287
2871 31
2872 137
2873 13
2874 111
2875 53
2876 100
2877 233
2878 259
2879 90
2880 288
2881 81
2882 170
2883 210
2884 189
2885 153
2886 59
2887 124
2888 73
2889 260
2890 289
2891 234
2892 138
2893 28
2894 43
2895 6
2896 211
2897 112
2898 190
2899 171
2900 290
2901 261
2902 66
2903 235
2904 154
2905 48
2906 101
2907 3
2908 125
2909 212
2910 291
2911 139
2912 262
2913 91
2914 191
2915 236
2916 35
2917 172
2918 82
2919 39
2920 292
2921 155
2922 1
2923 263
2924 213
2925 113
2926 74
2927 237
2928 12
2929 192
2930 293
2931 60
2932 140
2933 173
2934 264
2935 126
2936 102
2937 214
2938 54
2939 238
2940 294
2941 156
2942 23
2943 92
2944 193
2945 265
2946 67
2947 15
2948 114
2949 174
2950 295
2951 215
2952 239
2953 83
2954 141
2955 7
2956 266
2957 127
2958 157
2959 194
2960 296
2961 44
2962 49
2963 103
2964 240
2965 216
2966 75
2967 267
2968 175
2969 32
2970 297
2971 5
2972 93
2973 142
2974 195
2975 115
2976 241
2977 158
2978 268
2979 217
2980 298
2981 26
2982 128
2983 61
2984 176
2985 29
2986 84
2987 68
2988 242
2989 269
2990 299
2991 196
2992 104
2993 218
2994 55
2995 143
2996 159
2997 40
2998 36
2999 177
3000 300
3001 270
3002 243
3003 116
3004 129
3005 197
3006 219
3007 76
3008 94
3009 21
3010 301
3011 17
3012 271
3013 19
3014 244
3015 160
3016 144
3017 178
3018 50
3019 220
3020 302
3021 198
3022 105
3023 272
3024 85
3025 45
3026 245
3027 130
3028 117
3029 62
3030 303
3031 69
3032 161
3033 221
3034 273
3035 179
3036 199
3037 11
3038 246
3039 145
3040 304
3041 95
3042 8
3043 77
3044 56
3045 274
3046 106
3047 222
3048 131
3049 10
3050 305
3051 247
3052 200
3053 180
3054 162
3055 118
3056 275
3057 33
3058 146
3059 86
3060 306
3061 223
3062 24
3063 248
3064 41
3065 14
3066 201
3067 276
3068 96
3069 181
3070 307
3071 37
3072 163
3073 132
3074 224
3075 249
3076 70
3077 107
3078 277
3079 147
3080 308
3081 119
3082 202
3083 63
3084 78
3085 182
3086 51
3087 250
3088 225
3089 278
3090 309
3091 9
3092 164
3093 87
3094 46
3095 133
3096 203
3097 57
3098 148
3099 251
3100 310
3101 279
3102 97
3103 226
3104 183
3105 30
3106 120
3107 108
3108 165
3109 27
3110 311
3111 204
3112 280
3113 252
3114 4
3115 0
3116 227
3117 71
3118 134
3119 184
3120 312
3121 149
3122 79
3123 281
3124 22
3125 253
3126 88
3127 205
3128 166
3129 228
3130 313
3131 64
3132 121
3133 98
3134 282
3135 109
3136 185
3137 254
3138 16
3139 42
3140 314
3141 150
3142 206
3143 229
3144 135
3145 283
3146 52
3147 167
3148 34
3149 255
3150 315
3151 58
3152 2
3153 186
3154 47
3155 122
3156 284
3157 230
3158 207
3159 80
3160 316
3161 89
3162 256
3163 151
3164 110
3165 168
3166 136
3167 285
3168 99
3169 187
3170 317
3171 231
3172 72
3173 208
3174 257
3175 38
3176 20
3177 65
3178 286
3179 18
3180 318
3181 123
3182 152
3183 169
3184 232
3185 25
3186 258
3187 188
3188 209
3189 287
3190 319
3191 31
3192 137
3193 13
3194 111
3195 53
3196 100
3197 233
3198 259
3199 90
3200 320
3201 288
3202 81
3203 170
3204 210
3205 189
3206 153
3207 59
3208 124
3209 73
3210 321
3211 260
3212 289
3213 234
3214 138
3215 28
3216 43
3217 6
3218 211
3219 112
3220 322
3221 190
3222 171
3223 290
3224 261
3225 66
3226 235
3227 154
3228 48
3229 101
3230 323
3231 3
3232 125
3233 212
3234 291
3235 139
3236 262
3237 91
3238 191
3239 236
3240 324
3241 35
3242 172
3243 82
3244 39
3245 292
3246 155
3247 1
3248 263
3249 213
3250 325
3251 113
3252 74
3253 237
3254 12
3255 192
3256 293
3257 60
3258 140
3259 173
3260 326
3261 264
3262 126
3263 102
3264 214
3265 54
3266 238
3267 294
3268 156
3269 23
3270 327
3271 92
3272 193
3273 265
3274 67
3275 15
3276 114
3277 174
3278 295
3279 215
3280 328
3281 239
3282 83
3283 141
3284 7
3285 266
3286 127
3287 157
3288 194
3289 296
3290 329
3291 44
3292 49
3293 103
3294 240
3295 216
3296 75
3297 267
3298 175
3299 32
3300 330
3301 297
3302 5
3303 93
3304 142
3305 195
3306 115
3307 241
3308 158
3309 268
3310 331
3311 217
3312 298
3313 26
3314 128
3315 61
3316 176
3317 29
3318 84
3319 68
3320 332
3321 242
3322 269
3323 299
3324 196
3325 104
3326 218
3327 55
3328 143
3329 159
3330 333
3331 40
3332 36
3333 177
3334 300
3335 270
3336 243
3337 116
3338 129
3339 197
3340 334
3341 219
3342 76
3343 94
3344 21
3345 301
3346 17
3347 271
3348 19
3349 244
3350 335
3351 160
3352 144
3353 178
3354 50
3355 220
3356 302
3357 198
3358 105
3359 272
3360 336
3361 85
3362 45
3363 245
3364 130
3365 117
3366 62
3367 303
3368 69
3369 161
3370 337
3371 221
3372 273
3373 179
3374 199
3375 11
3376 246
3377 145
3378 304
3379 95
3380 338
3381 8
3382 77
3383 56
3384 274
3385 106
3386 222
3387 131
3388 10
3389 305
3390 339
3391 247
3392 200
3393 180
3394 162
3395 118
3396 275
3397 33
3398 146
3399 86
3400 340
3401 306
3402 223
3403 24
3404 248
3405 41
3406 14
3407 201
3408 276
3409 96
3410 341
3411 181
3412 307
3413 37
3414 163
3415 132
3416 224
3417 249
3418 70
3419 107
3420 342
3421 277
3422 147
3423 308
3424 119
3425 202
3426 63
3427 78
3428 182
3429 51
3430 343
3431 250
3432 225
3433 278
3434 309
3435 9
3436 164
3437 87
3438 46
3439 133
3440 344
3441 203
3442 57
3443 148
3444 251
3445 310
3446 279
3447 97
3448 226
3449 183
3450 345
3451 30
3452 120
3453 108
3454 165
3455 27
3456 311
3457 204
3458 280
3459 252
3460 346
3461 4
3462 0
3463 227
3464 71
3465 134
3466 184
3467 312
3468 149
3469 79
3470 347
3471 281
3472 22
3473 253
3474 88
3475 205
3476 166
3477 228
3478 313
3479 64
3480 348
3481 121
3482 98
3483 282
3484 109
3485 185
3486 254
3487 16
3488 42
3489 314
3490 349
3491 150
3492 206
3493 229
3494 135
3495 283
3496 52
3497 167
3498 34
3499 255
3500 350
3501 315
3502 58
3503 2
3504 186
3505 47
3506 122
3507 284
3508 230
3509 207
3510 351
3511 80
3512 316
3513 89
3514 256
3515 151
3516 110
3517 168
3518 136
3519 285
3520 352
3521 99
3522 187
3523 317
3524 231
3525 72
3526 208
3527 257
3528 38
3529 20
3530 353
3531 65
3532 286
3533 18
3534 318
3535 123
3536 152
3537 169
3538 232
3539 25
3540 354
3541 258
3542 188
3543 209
3544 287
3545 319
3546 31
3547 137
3548 13
3549 111
3550 355
3551 53
3552 100
3553 233
3554 259
3555 90
3556 320
3557 288
3558 81
3559 170
3560 356
3561 210
3562 189
3563 153
3564 59
3565 124
3566 73
3567 321
3568 260
3569 289
3570 357
3571 234
3572 138
3573 28
3574 43
3575 6
3576 211
3577 112
3578 322
3579 190
3580 358
3581 171
3582 290
3583 261
3584 66
3585 235
3586 154
3587 48
3588 101
3589 323
3590 359
3591 3
3592 125
3593 212
3594 291
3595 139
3596 262
3597 91
3598 191
3599 236
3600 360
3601 324
3602 35
3603 172
3604 82
3605 39
3606 292
3607 155
3608 1
3609 263
3610 361
3611 213
3612 325
3613 113
3614 74
3615 237
3616 12
3617 192
3618 293
3619 60
3620 362
3621 140
3622 173
3623 326
3624 264
3625 126
3626 102
3627 214
3628 54
3629 238
3630 363
3631 294
3632 156
3633 23
3634 327
3635 92
3636 193
3637 265
3638 67
3639 15
3640 364
3641 114
3642 174
3643 295
3644 215
3645 328
3646 239
3647 83
3648 141
3649 7
3650 365
3651 266
3652 127
3653 157
3654 194
3655 296
3656 329
3657 44
3658 49
3659 103
3660 366
3661 240
3662 216
3663 75
3664 267
3665 175
3666 32
3667 330
3668 297
3669 5
3670 367
3671 93
3672 142
3673 195
3674 115
3675 241
3676 158
3677 268
3678 331
3679 217
3680 368
3681 298
3682 26
3683 128
3684 61
3685 176
3686 29
3687 84
3688 68
3689 332
3690 369
3691 242
3692 269
3693 299
3694 196
3695 104
3696 218
3697 55
3698 143
3699 159
3700 370
3701 333
3702 40
3703 36
3704 177
3705 300
3706 270
3707 243
3708 116
3709 129
3710 371
3711 197
3712 334
3713 219
3714 76
3715 94
3716 21
3717 301
3718 17
3719 271
3720 372
3721 19
3722 244
3723 335
3724 160
3725 144
3726 178
3727 50
3728 220
3729 302
3730 373
3731 198
3732 105
3733 272
3734 336
3735 85
3736 45
3737 245
3738 130
3739 117
3740 374
3741 62
3742 303
3743 69
3744 161
3745 337
3746 221
3747 273
3748 179
3749 199
3750 375
3751 11
3752 246
3753 145
3754 304
3755 95
3756 338
3757 8
3758 77
3759 56
3760 376
3761 274
3762 106
3763 222
3764 131
3765 10
3766 305
3767 339
3768 247
3769 200
3770 377
3771 180
3772 162
3773 118
3774 275
3775 33
3776 146
3777 86
3778 340
3779 306
3780 378
3781 223
3782 24
3783 248
3784 41
3785 14
3786 201
3787 276
3788 96
3789 341
3790 379
3791 181
3792 307
3793 37
3794 163
3795 132
3796 224
3797 249
3798 70
3799 107
3800 380
3801 342
3802 277
3803 147
3804 308
3805 119
3806 202
3807 63
3808 78
3809 182
3810 381
3811 51
3812 343
3813 250
3814 225
3815 278
3816 309
3817 9
3818 164
3819 87
3820 382
3821 46
3822 133
3823 344
3824 203
3825 57
3826 148
3827 251
3828 310
3829 279
3830 383
3831 97
3832 226
3833 183
3834 345
3835 30
3836 120
3837 108
3838 165
3839 27
3840 384
3841 311
3842 204
3843 280
3844 252
3845 346
3846 4
3847 0
3848 227
3849 71
3850 385
3851 134
3852 184
3853 312
3854 149
3855 79
3856 347
3857 281
3858 22
3859 253
3860 386
3861 88
3862 205
3863 166
3864 228
3865 313
3866 64
3867 348
3868 121
3869 98
3870 387
3871 282
3872 109
3873 185
3874 254
3875 16
3876 42
3877 314
3878 349
3879 150
3880 388
3881 206
3882 229
3883 135
3884 283
3885 52
3886 167
3887 34
3888 255
3889 350
3890 389
3891 315
3892 58
3893 2
3894 186
3895 47
3896 122
3897 284
3898 230
3899 207
3900 390
3901 351
3902 80
3903 316
3904 89
3905 256
3906 151
3907 110
3908 168
3909 136
3910 391
3911 285
3912 352
3913 99
3914 187
3915 317
3916 231
3917 72
3918 208
3919 257
3920 392
3921 38
3922 20
3923 353
3924 65
3925 286
3926 18
3927 318
3928 123
3929 152
3930 393
3931 169
3932 232
3933 25
3934 354
3935 258
3936 188
3937 209
3938 287
3939 319
3940 394
3941 31
3942 137
3943 13
3944 111
3945 355
3946 53
3947 100
3948 233
3949 259
3950 395
3951 90
3952 320
3953 288
3954 81
3955 170
3956 356
3957 210
3958 189
3959 153
3960 396
3961 59
3962 124
3963 73
3964 321
3965 260
3966 289
3967 357
3968 234
3969 138
3970 397
3971 28
3972 43
3973 6
3974 211
3975 112
3976 322
3977 190
3978 358
3979 171
3980 398
3981 290
3982 261
3983 66
3984 235
3985 154
3986 48
3987 101
3988 323
3989 359
3990 399
3991 3
3992 125
3993 212
3994 291
3995 139
3996 262
3997 91
3998 191
3999 236
4000 400
4001 360
4002 324
4003 35
4004 172
4005 82
4006 39
4007 292
4008 155
4009 1
4010 401
4011 263
4012 361
4013 213
4014 325
4015 113
4016 74
4017 237
4018 12
4019 192
4020 402
4021 293
4022 60
4023 362
4024 140
4025 173
4026 326
4027 264
4028 126
4029 102
4030 403
4031 214
4032 54
4033 238
4034 363
4035 294
4036 156
4037 23
4038 327
4039 92
4040 404
4041 193
4042 265
4043 67
4044 15
4045 364
4046 114
4047 174
4048 295
4049 215
4050 405
4051 328
4052 239
4053 83
4054 141
4055 7
4056 365
4057 266
4058 127
4059 157
4060 406
4061 194
4062 296
4063 329
4064 44
4065 49
4066 103
4067 366
4068 240
4069 216
4070 407
4071 75
4072 267
4073 175
4074 32
4075 330
4076 297
4077 5
4078 367
4079 93
4080 408
4081 142
4082 195
4083 115
4084 241
4085 158
4086 268
4087 331
4088 217
4089 368
4090 409
4091 298
4092 26
4093 128
4094 61
4095 176
4096 29
4097 84
4098 68
4099 332
4100 410
4101 369
4102 242
4103 269
4104 299
4105 196
4106 104
4107 218
4108 55
4109 143
4110 411
4111 159
4112 370
4113 333
4114 40
4115 36
4116 177
4117 300
4118 270
4119 243
4120 412
4121 116
4122 129
4123 371
4124 197
4125 334
4126 219
4127 76
4128 94
4129 21
4130 413
4131 301
4132 17
4133 271
4134 372
4135 19
4136 244
4137 335
4138 160
4139 144
4140 414
4141 178
4142 50
4143 220
4144 302
4145 373
4146 198
4147 105
4148 272
4149 336
4150 415
4151 85
4152 45
4153 245
4154 130
4155 117
4156 374
4157 62
4158 303
4159 69
4160 416
4161 161
4162 337
4163 221
4164 273
4165 179
4166 199
4167 375
4168 11
4169 246
4170 417
4171 145
4172 304
4173 95
4174 338
4175 8
4176 77
4177 56
4178 376
4179 274
4180 418
4181 106
4182 222
4183 131
4184 10
4185 305
4186 339
4187 247
4188 200
4189 377
4190 419
4191 180
4192 162
4193 118
4194 275
4195 33
4196 146
4197 86
4198 340
4199 306
4200 420
4201 378
4202 223
4203 24
4204 248
4205 41
4206 14
4207 201
4208 276
4209 96
4210 421
4211 341
4212 379
4213 181
4214 307
4215 37
4216 163
4217 132
4218 224
4219 249
4220 422
4221 70
4222 107
4223 380
4224 342
4225 277
4226 147
4227 308
4228 119
4229 202
4230 423
4231 63
4232 78
4233 182
4234 381
4235 51
4236 343
4237 250
4238 225
4239 278
4240 424
4241 309
4242 9
4243 164
4244 87
4245 382
4246 46
4247 133
4248 344
4249 203
4250 425
4251 57
4252 148
4253 251
4254 310
4255 279
4256 383
4257 97
4258 226
4259 183
4260 426
4261 345
4262 30
4263 120
4264 108
4265 165
4266 27
4267 384
4268 311
4269 204
4270 427
4271 280
4272 252
4273 346
4274 4
4275 0
4276 227
4277 71
4278 385
4279 134
4280 428
4281 184
4282 312
4283 149
4284 79
4285 347
4286 281
4287 22
4288 253
4289 386
4290 429
4291 88
4292 205
4293 166
4294 228
4295 313
4296 64
4297 348
4298 121
4299 98
4300 430
4301 387
4302 282
4303 109
4304 185
4305 254
4306 16
4307 42
4308 314
4309 349
4310 431
4311 150
4312 388
4313 206
4314 229
4315 135
4316 283
4317 52
4318 167
4319 34
4320 432
4321 255
4322 350
4323 389
4324 315
4325 58
4326 2
4327 186
4328 47
4329 122
4330 433
4331 284
4332 230
4333 207
4334 390
4335 351
4336 80
4337 316
4338 89
4339 256
4340 434
4341 151
4342 110
4343 168
4344 136
4345 391
4346 285
4347 352
4348 99
4349 187
4350 435
4351 317
4352 231
4353 72
4354 208
4355 257
4356 392
4357 38
4358 20
4359 353
4360 436
4361 65
4362 286
4363 18
4364 318
4365 123
4366 152
4367 393
4368 169
4369 232
4370 437
4371 25
4372 354
4373 258
4374 188
4375 209
4376 287
4377 319
4378 394
4379 31
4380 438
4381 137
4382 13
4383 111
4384 355
4385 53
4386 100
4387 233
4388 259
4389 395
4390 439
4391 90
4392 320
4393 288
4394 81
4395 170
4396 356
4397 210
4398 189
4399 153
4400 440
4401 396
4402 59
4403 124
4404 73
4405 321
4406 260
4407 289
4408 357
4409 234
4410 441
4411 138
4412 397
4413 28
4414 43
4415 6
4416 211
4417 112
4418 322
4419 190
4420 442
4421 358
4422 171
4423 398
4424 290
4425 261
4426 66
4427 235
4428 154
4429 48
4430 443
4431 101
4432 323
4433 359
4434 399
4435 3
4436 125
4437 212
4438 291
4439 139
4440 444
4441 262
4442 91
4443 191
4444 236
4445 400
4446 360
4447 324
4448 35
4449 172
4450 445
4451 82
4452 39
4453 292
4454 155
4455 1
4456 401
4457 263
4458 361
4459 213
4460 446
4461 325
4462 113
4463 74
4464 237
4465 12
4466 192
4467 402
4468 293
4469 60
4470 447
4471 362
4472 140
4473 173
4474 326
4475 264
4476 126
4477 102
4478 403
4479 214
4480 448
4481 54
4482 238
4483 363
4484 294
4485 156
4486 23
4487 327
4488 92
4489 404
4490 449
4491 193
4492 265
4493 67
4494 15
4495 364
4496 114
4497 174
4498 295
4499 215
4500 450
4501 405
4502 328
4503 239
4504 83
4505 141
4506 7
4507 365
4508 266
4509 127
4510 451
4511 157
4512 406
4513 194
4514 296
4515 329
4516 44
4517 49
4518 103
4519 366
4520 452
4521 240
4522 216
4523 407
4524 75
4525 267
4526 175
4527 32
4528 330
4529 297
4530 453
4531 5
4532 367
4533 93
4534 408
4535 142
4536 195
4537 115
4538 241
4539 158
4540 454
4541 268
4542 331
4543 217
4544 368
4545 409
4546 298
4547 26
4548 128
4549 61
4550 455
4551 176
4552 29
4553 84
4554 68
4555 332
4556 410
4557 369
4558 242
4559 269
4560 456
4561 299
4562 196
4563 104
4564 218
4565 55
4566 143
4567 411
4568 159
4569 370
4570 457
4571 333
4572 40
4573 36
4574 177
4575 300
4576 270
4577 243
4578 412
4579 116
4580 458
4581 129
4582 371
4583 197
4584 334
4585 219
4586 76
4587 94
4588 21
4589 413
4590 459
4591 301
4592 17
4593 271
4594 372
4595 19
4596 244
4597 335
4598 160
4599 144
4600 460
4601 414
4602 178
4603 50
4604 220
4605 302
4606 373
4607 198
4608 105
4609 272
4610 461
4611 336
4612 415
4613 85
4614 45
4615 245
4616 130
4617 117
4618 374
4619 62
4620 462
4621 303
4622 69
4623 416
4624 161
4625 337
4626 221
4627 273
4628 179
4629 199
4630 463
4631 375
4632 11
4633 246
4634 417
4635 145
4636 304
4637 95
4638 338
4639 8
4640 464
4641 77
4642 56
4643 376
4644 274
4645 418
4646 106
4647 222
4648 131
4649 10
4650 465
4651 305
4652 339
4653 247
4654 200
4655 377
4656 419
4657 180
4658 162
4659 118
4660 466
4661 275
4662 33
4663 146
4664 86
4665 340
4666 306
4667 420
4668 378
4669 223
4670 467
4671 24
4672 248
4673 41
4674 14
4675 201
4676 276
4677 96
4678 421
4679 341
4680 468
4681 379
4682 181
4683 307
4684 37
4685 163
4686 132
4687 224
4688 249
4689 422
4690 469
4691 70
4692 107
4693 380
4694 342
4695 277
4696 147
4697 308
4698 119
4699 202
4700 470
4701 423
4702 63
4703 78
4704 182
4705 381
4706 51
4707 343
4708 250
4709 225
4710 471
4711 278
4712 424
4713 309
4714 9
4715 164
4716 87
4717 382
4718 46
4719 133
4720 472
4721 344
4722 203
4723 425
4724 57
4725 148
4726 251
4727 310
4728 279
4729 383
4730 473
4731 97
4732 226
4733 183
4734 426
4735 345
4736 30
4737 120
4738 108
4739 165
4740 474
4741 27
4742 384
4743 311
4744 204
4745 427
4746 280
4747 252
4748 346
4749 4
4750 475
4751 0
4752 227
4753 71
4754 385
4755 134
4756 428
4757 184
4758 312
4759 149
4760 476
4761 79
4762 347
4763 281
4764 22
4765 253
4766 386
4767 429
4768 88
4769 205
4770 477
4771 166
4772 228
4773 313
4774 64
4775 348
4776 121
4777 98
4778 430
4779 387
4780 478
4781 282
4782 109
4783 185
4784 254
4785 16
4786 42
4787 314
4788 349
4789 431
4790 479
4791 150
4792 388
4793 206
4794 229
4795 135
4796 283
4797 52
4798 167
4799 34
4800 480
4801 432
4802 255
4803 350
4804 389
4805 315
4806 58
4807 2
4808 186
4809 47
4810 481
4811 122
4812 433
4813 284
4814 230
4815 207
4816 390
4817 351
4818 80
4819 316
4820 482
4821 89
4822 256
4823 434
4824 151
4825 110
4826 168
4827 136
4828 391
4829 285
4830 483
4831 352
4832 99
4833 187
4834 435
4835 317
4836 231
4837 72
4838 208
4839 257
4840 484
4841 392
4842 38
4843 20
4844 353
4845 436
4846 65
4847 286
4848 18
4849 318
4850 485
4851 123
4852 152
4853 393
4854 169
4855 232
4856 437
4857 25
4858 354
4859 258
4860 486
4861 188
4862 209
4863 287
4864 319
4865 394
4866 31
4867 438
4868 137
4869 13
4870 487
4871 111
4872 355
4873 53
4874 100
4875 233
4876 259
4877 395
4878 439
4879 90
4880 488
4881 320
4882 288
4883 81
4884 170
4885 356
4886 210
4887 189
4888 153
4889 440
4890 489
4891 396
4892 59
4893 124
4894 73
4895 321
4896 260
4897 289
4898 357
4899 234
4900 490
4901 441
4902 138
4903 397
4904 28
4905 43
4906 6
4907 211
4908 112
4909 322
4910 491
4911 190
4912 442
4913 358
4914 171
4915 398
4916 290
4917 261
4918 66
4919 235
4920 492
4921 154
4922 48
4923 443
4924 101
4925 323
4926 359
4927 399
4928 3
4929 125
4930 493
4931 212
4932 291
4933 139
4934 444
4935 262
4936 91
4937 191
4938 236
4939 400
4940 494
4941 360
4942 324
4943 35
4944 172
4945 445
4946 82
4947 39
4948 292
4949 155
4950 495
4951 1
4952 401
4953 263
4954 361
4955 213
4956 446
4957 325
4958 113
4959 74
4960 496
4961 237
4962 12
4963 192
4964 402
4965 293
4966 60
4967 447
4968 362
4969 140
4970 497
4971 173
4972 326
4973 264
4974 126
4975 102
4976 403
4977 214
4978 448
4979 54
4980 498
4981 238
4982 363
4983 294
4984 156
4985 23
4986 327
4987 92
4988 404
4989 449
4990 499
4991 193
4992 265
4993 67
4994 15
4995 364
4996 114
4997 174
4998 295
4999 215
5000 500
5001 450
5002 405
5003 328
5004 239
5005 83
5006 141
5007 7
5008 365
5009 266
5010 501
5011 127
5012 451
5013 157
5014 406
5015 194
5016 296
5017 329
5018 44
5019 49
5020 502
5021 103
5022 366
5023 452
5024 240
5025 216
5026 407
5027 75
5028 267
5029 175
5030 503
5031 32
5032 330
5033 297
5034 453
5035 5
5036 367
5037 93
5038 408
5039 142
5040 504
5041 195
5042 115
5043 241
5044 158
5045 454
5046 268
5047 331
5048 217
5049 368
5050 505
5051 409
5052 298
5053 26
5054 128
5055 61
5056 455
5057 176
5058 29
5059 84
5060 506
5061 68
5062 332
5063 410
5064 369
5065 242
5066 269
5067 456
5068 299
5069 196
5070 507
5071 104
5072 218
5073 55
5074 143
5075 411
5076 159
5077 370
5078 457
5079 333
5080 508
5081 40
5082 36
5083 177
5084 300
5085 270
5086 243
5087 412
5088 116
5089 458
5090 509
5091 129
5092 371
5093 197
5094 334
5095 219
5096 76
5097 94
5098 21
5099 413
5100 510
5101 459
5102 301
5103 17
5104 271
5105 372
5106 19
5107 244
5108 335
5109 160
5110 511
5111 144
5112 460
5113 414
5114 178
5115 50
5116 220
5117 302
5118 373
5119 198
5120 512
5121 105
5122 272
5123 461
5124 336
5125 415
5126 85
5127 45
5128 245
5129 130
5130 513
5131 117
5132 374
5133 62
5134 462
5135 303
5136 69
5137 416
5138 161
5139 337
5140 514
5141 221
5142 273
5143 179
5144 199
5145 463
5146 375
5147 11
5148 246
5149 417
5150 515
5151 145
5152 304
5153 95
5154 338
5155 8
5156 464
5157 77
5158 56
5159 376
5160 516
5161 274
5162 418
5163 106
5164 222
5165 131
5166 10
5167 465
5168 305
5169 339
5170 517
5171 247
5172 200
5173 377
5174 419
5175 180
5176 162
5177 118
5178 466
5179 275
5180 518
5181 33
5182 146
5183 86
5184 340
5185 306
5186 420
5187 378
5188 223
5189 467
5190 519
5191 24
5192 248
5193 41
5194 14
5195 201
5196 276
5197 96
5198 421
5199 341
5200 520
5201 468
5202 379
5203 181
5204 307
5205 37
5206 163
5207 132
5208 224
5209 249
5210 521
5211 422
5212 469
5213 70
5214 107
5215 380
5216 342
5217 277
5218 147
5219 308
5220 522
5221 119
5222 202
5223 470
5224 423
5225 63
5226 78
5227 182
5228 381
5229 51
5230 523
5231 343
5232 250
5233 225
5234 471
5235 278
5236 424
5237 309
5238 9
5239 164
5240 524
5241 87
5242 382
5243 46
5244 133
5245 472
5246 344
5247 203
5248 425
5249 57
5250 525
5251 148
5252 251
5253 310
5254 279
5255 383
5256 473
5257 97
5258 226
5259 183
5260 526
5261 426
5262 345
5263 30
5264 120
5265 108
5266 165
5267 474
5268 27
5269 384
5270 527
5271 311
5272 204
5273 427
5274 280
5275 252
5276 346
5277 4
5278 475
5279 0
5280 528
5281 227
5282 71
5283 385
5284 134
5285 428
5286 184
5287 312
5288 149
5289 476
5290 529
5291 79
5292 347
5293 281
5294 22
5295 253
5296 386
5297 429
5298 88
5299 205
5300 530
5301 477
5302 166
5303 228
5304 313
5305 64
5306 348
5307 121
5308 98
5309 430
5310 531
5311 387
5312 478
5313 282
5314 109
5315 185
5316 254
5317 16
5318 42
5319 314
5320 532
5321 349
5322 431
5323 479
5324 150
5325 388
5326 206
5327 229
5328 135
5329 283
5330 533
5331 52
5332 167
5333 34
5334 480
5335 432
5336 255
5337 350
5338 389
5339 315
5340 534
5341 58
5342 2
5343 186
5344 47
5345 481
5346 122
5347 433
5348 284
5349 230
5350 535
5351 207
5352 390
5353 351
5354 80
5355 316
5356 482
5357 89
5358 256
5359 434
5360 536
5361 151
5362 110
5363 168
5364 136
5365 391
5366 285
5367 483
5368 352
5369 99
5370 537
5371 187
5372 435
5373 317
5374 231
5375 72
5376 208
5377 257
5378 484
5379 392
5380 538
5381 38
5382 20
5383 353
5384 436
5385 65
5386 286
5387 18
5388 318
5389 485
5390 539
5391 123
5392 152
5393 393
5394 169
5395 232
5396 437
5397 25
5398 354
5399 258
5400 540
5401 486
5402 188
5403 209
5404 287
5405 319
5406 394
5407 31
5408 438
5409 137
5410 541
5411 13
5412 487
5413 111
5414 355
5415 53
5416 100
5417 233
5418 259
5419 395
5420 542
5421 439
5422 90
5423 488
5424 320
5425 288
5426 81
5427 170
5428 356
5429 210
5430 543
5431 189
5432 153
5433 440
5434 489
5435 396
5436 59
5437 124
5438 73
5439 321
5440 544
5441 260
5442 289
5443 357
5444 234
5445 490
5446 441
5447 138
5448 397
5449 28
5450 545
5451 43
5452 6
5453 211
5454 112
5455 322
5456 491
5457 190
5458 442
5459 358
5460 546
5461 171
5462 398
5463 290
5464 261
5465 66
5466 235
5467 492
5468 154
5469 48
5470 547
5471 443
5472 101
5473 323
5474 359
5475 399
5476 3
5477 125
5478 493
5479 212
5480 548
5481 291
5482 139
5483 444
5484 262
5485 91
5486 191
5487 236
5488 400
5489 494
5490 549
5491 360
5492 324
5493 35
5494 172
5495 445
5496 82
5497 39
5498 292
5499 155
5500 550
5501 495
5502 1
5503 401
5504 263
5505 361
5506 213
5507 446
5508 325
5509 113
5510 551
5511 74
5512 496
5513 237
5514 12
5515 192
5516 402
5517 293
5518 60
5519 447
5520 552
5521 362
5522 140
5523 497
5524 173
5525 326
5526 264
5527 126
5528 102
5529 403
5530 553
5531 214
5532 448
5533 54
5534 498
5535 238
5536 363
5537 294
5538 156
5539 23
5540 554
5541 327
5542 92
5543 404
5544 449
5545 499
5546 193
5547 265
5548 67
5549 15
5550 555
5551 364
5552 114
5553 174
5554 295
5555 215
5556 500
5557 450
5558 405
5559 328
5560 556
5561 239
5562 83
5563 141
5564 7
5565 365
5566 266
5567 501
5568 127
5569 451
5570 557
5571 157
5572 406
5573 194
5574 296
5575 329
5576 44
5577 49
5578 502
5579 103
5580 558
5581 366
5582 452
5583 240
5584 216
5585 407
5586 75
5587 267
5588 175
5589 503
5590 559
5591 32
5592 330
5593 297
5594 453
5595 5
5596 367
5597 93
5598 408
5599 142
5600 560
5601 504
5602 195
5603 115
5604 241
5605 158
5606 454
5607 268
5608 331
5609 217
5610 561
5611 368
5612 505
5613 409
5614 298
5615 26
5616 128
5617 61
5618 455
5619 176
5620 562
5621 29
5622 84
5623 506
5624 68
5625 332
5626 410
5627 369
5628 242
5629 269
5630 563
5631 456
5632 299
5633 196
5634 507
5635 104
5636 218
5637 55
5638 143
5639 411
5640 564
5641 159
5642 370
5643 457
5644 333
5645 508
5646 40
5647 36
5648 177
5649 300
5650 565
5651 270
5652 243
5653 412
5654 116
5655 458
5656 509
5657 129
5658 371
5659 197
5660 566
5661 334
5662 219
5663 76
5664 94
5665 21
5666 413
5667 510
5668 459
5669 301
5670 567
5671 17
5672 271
5673 372
5674 19
5675 244
5676 335
5677 160
5678 511
5679 144
5680 568
5681 460
5682 414
5683 178
5684 50
5685 220
5686 302
5687 373
5688 198
5689 512
5690 569
5691 105
5692 272
5693 461
5694 336
5695 415
5696 85
5697 45
5698 245
5699 130
5700 570
5701 513
5702 117
5703 374
5704 62
5705 462
5706 303
5707 69
5708 416
5709 161
5710 571
5711 337
5712 514
5713 221
5714 273
5715 179
5716 199
5717 463
5718 375
5719 11
5720 572
5721 246
5722 417
5723 515
5724 145
5725 304
5726 95
5727 338
5728 8
5729 464
5730 573
5731 77
5732 56
5733 376
5734 516
5735 274
5736 418
5737 106
5738 222
5739 131
5740 574
5741 10
5742 465
5743 305
5744 339
5745 517
5746 247
5747 200
5748 377
5749 419
5750 575
5751 180
5752 162
5753 118
5754 466
5755 275
5756 518
5757 33
5758 146
5759 86
5760 576
5761 340
5762 306
5763 420
5764 378
5765 223
5766 467
5767 519
5768 24
5769 248
5770 577
5771 41
5772 14
5773 201
5774 276
5775 96
5776 421
5777 341
5778 520
5779 468
5780 578
5781 379
5782 181
5783 307
5784 37
5785 163
5786 132
5787 224
5788 249
5789 521
5790 579
5791 422
5792 469
5793 70
5794 107
5795 380
5796 342
5797 277
5798 147
5799 308
5800 580
5801 522
5802 119
5803 202
5804 470
5805 423
5806 63
5807 78
5808 182
5809 381
5810 581
5811 51
5812 523
5813 343
5814 250
5815 225
5816 471
5817 278
5818 424
5819 309
5820 582
5821 9
5822 164
5823 524
5824 87
5825 382
5826 46
5827 133
5828 472
5829 344
5830 583
5831 203
5832 425
5833 57
5834 525
5835 148
5836 251
5837 310
5838 279
5839 383
5840 584
5841 473
5842 97
5843 226
5844 183
5845 526
5846 426
5847 345
5848 30
5849 120
5850 585
5851 108
5852 165
5853 474
5854 27
5855 384
5856 527
5857 311
5858 204
5859 427
5860 586
5861 280
5862 252
5863 346
5864 4
5865 475
5866 0
5867 528
5868 227
5869 71
5870 587
5871 385
5872 134
5873 428
5874 184
5875 312
5876 149
5877 476
5878 529
5879 79
5880 588
5881 347
5882 281
5883 22
5884 253
5885 386
5886 429
5887 88
5888 205
5889 530
5890 589
5891 477
5892 166
5893 228
5894 313
5895 64
5896 348
5897 121
5898 98
5899 430
5900 590
5901 531
5902 387
5903 478
5904 282
5905 109
5906 185
5907 254
5908 16
5909 42
5910 591
5911 314
5912 532
5913 349
5914 431
5915 479
5916 150
5917 388
5918 206
5919 229
5920 592
5921 135
5922 283
5923 533
5924 52
5925 167
5926 34
5927 480
5928 432
5929 255
5930 593
5931 350
5932 389
5933 315
5934 534
5935 58
5936 2
5937 186
5938 47
5939 481
5940 594
5941 122
5942 433
5943 284
5944 230
5945 535
5946 207
5947 390
5948 351
5949 80
5950 595
5951 316
5952 482
5953 89
5954 256
5955 434
5956 536
5957 151
5958 110
5959 168
5960 596
5961 136
5962 391
5963 285
5964 483
5965 352
5966 99
5967 537
5968 187
5969 435
5970 597
5971 317
5972 231
5973 72
5974 208
5975 257
5976 484
5977 392
5978 538
5979 38
5980 598
5981 20
5982 353
5983 436
5984 65
5985 286
5986 18
5987 318
5988 485
5989 539
5990 599
5991 123
5992 152
5993 393
5994 169
5995 232
5996 437
5997 25
5998 354
5999 258
6000 600
6001 540
6002 486
6003 188
6004 209
6005 287
6006 319
6007 394
6008 31
6009 438
6010 601
6011 137
6012 541
6013 13
6014 487
6015 111
6016 355
6017 53
6018 100
6019 233
6020 602
6021 259
6022 395
6023 542
6024 439
6025 90
6026 488
6027 320
6028 288
6029 81
6030 603
6031 170
6032 356
6033 210
6034 543
6035 189
6036 153
6037 440
6038 489
6039 396
6040 604
6041 59
6042 124
6043 73
6044 321
6045 544
6046 260
6047 289
6048 357
6049 234
6050 605
6051 490
6052 441
6053 138
6054 397
6055 28
6056 545
6057 43
6058 6
6059 211
6060 606
6061 112
6062 322
6063 491
6064 190
6065 442
6066 358
6067 546
6068 171
6069 398
6070 607
6071 290
6072 261
6073 66
6074 235
6075 492
6076 154
6077 48
6078 547
6079 443
6080 608
6081 101
6082 323
6083 359
6084 399
6085 3
6086 125
6087 493
6088 212
6089 548
6090 609
6091 291
6092 139
6093 444
6094 262
6095 91
6096 191
6097 236
6098 400
6099 494
6100 610
6101 549
6102 360
6103 324
6104 35
6105 172
6106 445
6107 82
6108 39
6109 292
6110 611
6111 155
6112 550
6113 495
6114 1
6115 401
6116 263
6117 361
6118 213
6119 446
6120 612
6121 325
6122 113
6123 551
6124 74
6125 496
6126 237
6127 12
6128 192
6129 402
6130 613
6131 293
6132 60
6133 447
6134 552
6135 362
6136 140
6137 497
6138 173
6139 326
6140 614
6141 264
6142 126
6143 102
6144 403
6145 553
6146 214
6147 448
6148 54
6149 498
6150 615
6151 238
6152 363
6153 294
6154 156
6155 23
6156 554
6157 327
6158 92
6159 404
6160 616
6161 449
6162 499
6163 193
6164 265
6165 67
6166 15
6167 555
6168 364
6169 114
6170 617
6171 174
6172 295
6173 215
6174 500
6175 450
6176 405
6177 328
6178 556
6179 239
6180 618
6181 83
6182 141
6183 7
6184 365
6185 266
6186 501
6187 127
6188 451
6189 557
6190 619
6191 157
6192 406
6193 194
6194 296
6195 329
6196 44
6197 49
6198 502
6199 103
6200 620
6201 558
6202 366
6203 452
6204 240
6205 216
6206 407
6207 75
6208 267
6209 175
6210 621
6211 503
6212 559
6213 32
6214 330
6215 297
6216 453
6217 5
6218 367
6219 93
6220 622
6221 408
6222 142
6223 560
6224 504
6225 195
6226 115
6227 241
6228 158
6229 454
6230 623
6231 268
6232 331
6233 217
6234 561
6235 368
6236 505
6237 409
6238 298
6239 26
6240 624
6241 128
6242 61
6243 455
6244 176
6245 562
6246 29
6247 84
6248 506
6249 68
6250 625
6251 332
6252 410
6253 369
6254 242
6255 269
6256 563
6257 456
6258 299
6259 196
6260 626
6261 507
6262 104
6263 218
6264 55
6265 143
6266 411
6267 564
6268 159
6269 370
6270 627
6271 457
6272 333
6273 508
6274 40
6275 36
6276 177
6277 300
6278 565
6279 270
6280 628
6281 243
6282 412
6283 116
6284 458
6285 509
6286 129
6287 371
6288 197
6289 566
6290 629
6291 334
6292 219
6293 76
6294 94
6295 21
6296 413
6297 510
6298 459
6299 301
6300 630
6301 567
6302 17
6303 271
6304 372
6305 19
6306 244
6307 335
6308 160
6309 511
6310 631
6311 144
6312 568
6313 460
6314 414
6315 178
6316 50
6317 220
6318 302
6319 373
6320 632
6321 198
6322 512
6323 569
6324 105
6325 272
6326 461
6327 336
6328 415
6329 85
6330 633
6331 45
6332 245
6333 130
6334 570
6335 513
6336 117
6337 374
6338 62
6339 462
6340 634
6341 303
6342 69
6343 416
6344 161
6345 571
6346 337
6347 514
6348 221
6349 273
6350 635
6351 179
6352 199
6353 463
6354 375
6355 11
6356 572
6357 246
6358 417
6359 515
6360 636
6361 145
6362 304
6363 95
6364 338
6365 8
6366 464
6367 573
6368 77
6369 56
6370 637
6371 376
6372 516
6373 274
6374 418
6375 106
6376 222
6377 131
6378 574
6379 10
6380 638
6381 465
6382 305
6383 339
6384 517
6385 247
6386 200
6387 377
6388 419
6389 575
6390 639
6391 180
6392 162
6393 118
6394 466
6395 275
6396 518
6397 33
6398 146
6399 86
6400 640
6401 576
6402 340
6403 306
6404 420
6405 378
6406 223
6407 467
6408 519
6409 24
6410 641
6411 248
6412 577
6413 41
6414 14
6415 201
6416 276
6417 96
6418 421
6419 341
6420 642
6421 520
6422 468
6423 578
6424 379
6425 181
6426 307
6427 37
6428 163
6429 132
6430 643
6431 224
6432 249
6433 521
6434 579
6435 422
6436 469
6437 70
6438 107
6439 380
6440 644
6441 342
6442 277
6443 147
6444 308
6445 580
6446 522
6447 119
6448 202
6449 470
6450 645
6451 423
6452 63
6453 78
6454 182
6455 381
6456 581
6457 51
6458 523
6459 343
6460 646
6461 250
6462 225
6463 471
6464 278
6465 424
6466 309
6467 582
6468 9
6469 164
6470 647
6471 524
6472 87
6473 382
6474 46
6475 133
6476 472
6477 344
6478 583
6479 203
6480 648
6481 425
6482 57
6483 525
6484 148
6485 251
6486 310
6487 279
6488 383
6489 584
6490 649
6491 473
6492 97
6493 226
6494 183
6495 526
6496 426
6497 345
6498 30
6499 120
6500 650
6501 585
6502 108
6503 165
6504 474
6505 27
6506 384
6507 527
6508 311
6509 204
6510 651
6511 427
6512 586
6513 280
6514 252
6515 346
6516 4
6517 475
6518 0
6519 528
6520 652
6521 227
6522 71
6523 587
6524 385
6525 134
6526 428
6527 184
6528 312
6529 149
6530 653
6531 476
6532 529
6533 79
6534 588
6535 347
6536 281
6537 22
6538 253
6539 386
6540 654
6541 429
6542 88
6543 205
6544 530
6545 589
6546 477
6547 166
6548 228
6549 313
6550 655
6551 64
6552 348
6553 121
6554 98
6555 430
6556 590
6557 531
6558 387
6559 478
6560 656
6561 282
6562 109
6563 185
6564 254
6565 16
6566 42
6567 591
6568 314
6569 532
6570 657
6571 349
6572 431
6573 479
6574 150
6575 388
6576 206
6577 229
6578 592
6579 135
6580 658
6581 283
6582 533
6583 52
6584 167
6585 34
6586 480
6587 432
6588 255
6589 593
6590 659
6591 350
6592 389
6593 315
6594 534
6595 58
6596 2
6597 186
6598 47
6599 481
6600 660
6601 594
6602 122
6603 433
6604 284
6605 230
6606 535
6607 207
6608 390
6609 351
6610 661
6611 80
6612 595
6613 316
6614 482
6615 89
6616 256
6617 434
6618 536
6619 151
6620 662
6621 110
6622 168
6623 596
6624 136
6625 391
6626 285
6627 483
6628 352
6629 99
6630 663
6631 537
6632 187
6633 435
6634 597
6635 317
6636 231
6637 72
6638 208
6639 257
6640 664
6641 484
6642 392
6643 538
6644 38
6645 598
6646 20
6647 353
6648 436
6649 65
6650 665
6651 286
6652 18
6653 318
6654 485
6655 539
6656 599
6657 123
6658 152
6659 393
6660 666
6661 169
6662 232
6663 437
6664 25
6665 354
6666 258
6667 600
6668 540
6669 486
6670 667
6671 188
6672 209
6673 287
6674 319
6675 394
6676 31
6677 438
6678 601
6679 137
6680 668
6681 541
6682 13
6683 487
6684 111
6685 355
6686 53
6687 100
6688 233
6689 602
6690 669
6691 259
6692 395
6693 542
6694 439
6695 90
6696 488
6697 320
6698 288
6699 81
6700 670
6701 603
6702 170
6703 356
6704 210
6705 543
6706 189
6707 153
6708 440
6709 489
6710 671
6711 396
6712 604
6713 59
6714 124
6715 73
6716 321
6717 544
6718 260
6719 289
6720 672
6721 357
6722 234
6723 605
6724 490
6725 441
6726 138
6727 397
6728 28
6729 545
6730 673
6731 43
6732 6
6733 211
6734 606
6735 112
6736 322
6737 491
6738 190
6739 442
6740 674
6741 358
6742 546
6743 171
6744 398
6745 607
6746 290
6747 261
6748 66
6749 235
6750 675
6751 492
6752 154
6753 48
6754 547
6755 443
6756 608
6757 101
6758 323
6759 359
6760 676
6761 399
6762 3
6763 125
6764 493
6765 212
6766 548
6767 609
6768 291
6769 139
6770 677
6771 444
6772 262
6773 91
6774 191
6775 236
6776 400
6777 494
6778 610
6779 549
6780 678
6781 360
6782 324
6783 35
6784 172
6785 445
6786 82
6787 39
6788 292
6789 611
6790 679
6791 155
6792 550
6793 495
6794 1
6795 401
6796 263
6797 361
6798 213
6799 446
6800 680
6801 612
6802 325
6803 113
6804 551
6805 74
6806 496
6807 237
6808 12
6809 192
6810 681
6811 402
6812 613
6813 293
6814 60
6815 447
6816 552
6817 362
6818 140
6819 497
6820 682
6821 173
6822 326
6823 614
6824 264
6825 126
6826 102
6827 403
6828 553
6829 214
6830 683
6831 448
6832 54
6833 498
6834 615
6835 238
6836 363
6837 294
6838 156
6839 23
6840 684
6841 554
6842 327
6843 92
6844 404
6845 616
6846 449
6847 499
6848 193
6849 265
6850 685
6851 67
6852 15
6853 555
6854 364
6855 114
6856 617
6857 174
6858 295
6859 215
6860 686
6861 500
6862 450
6863 405
6864 328
6865 556
6866 239
6867 618
6868 83
6869 141
6870 687
6871 7
6872 365
6873 266
6874 501
6875 127
6876 451
6877 557
6878 619
6879 157
6880 688
6881 406
6882 194
6883 296
6884 329
6885 44
6886 49
6887 502
6888 103
6889 620
6890 689
6891 558
6892 366
6893 452
6894 240
6895 216
6896 407
6897 75
6898 267
6899 175
6900 690
6901 621
6902 503
6903 559
6904 32
6905 330
6906 297
6907 453
6908 5
6909 367
6910 691
6911 93
6912 622
6913 408
6914 142
6915 560
6916 504
6917 195
6918 115
6919 241
6920 692
6921 158
6922 454
6923 623
6924 268
6925 331
6926 217
6927 561
6928 368
6929 505
6930 693
6931 409
6932 298
6933 26
6934 624
6935 128
6936 61
6937 455
6938 176
6939 562
6940 694
6941 29
6942 84
6943 506
6944 68
6945 625
6946 332
6947 410
6948 369
6949 242
6950 695
6951 269
6952 563
6953 456
6954 299
6955 196
6956 626
6957 507
6958 104
6959 218
6960 696
6961 55
6962 143
6963 411
6964 564
6965 159
6966 370
6967 627
6968 457
6969 333
6970 697
6971 508
6972 40
6973 36
6974 177
6975 300
6976 565
6977 270
6978 628
6979 243
6980 698
6981 412
6982 116
6983 458
6984 509
6985 129
6986 371
6987 197
6988 566
6989 629
6990 699
6991 334
6992 219
6993 76
6994 94
6995 21
6996 413
6997 510
6998 459
6999 301
7000 700
7001 630
7002 567
7003 17
7004 271
7005 372
7006 19
7007 244
7008 335
7009 160
7010 701
7011 511
7012 631
7013 144
7014 568
7015 460
7016 414
7017 178
7018 50
7019 220
7020 702
7021 302
7022 373
7023 632
7024 198
7025 512
7026 569
7027 105
7028 272
7029 461
7030 703
7031 336
7032 415
7033 85
7034 633
7035 45
7036 245
7037 130
7038 570
7039 513
7040 704
7041 117
7042 374
7043 62
7044 462
7045 634
7046 303
7047 69
7048 416
7049 161
7050 705
7051 571
7052 337
7053 514
7054 221
7055 273
7056 635
7057 179
7058 199
7059 463
7060 706
7061 375
7062 11
7063 572
7064 246
7065 417
7066 515
7067 636
7068 145
7069 304
7070 707
7071 95
7072 338
7073 8
7074 464
7075 573
7076 77
7077 56
7078 637
7079 376
7080 708
7081 516
7082 274
7083 418
7084 106
7085 222
7086 131
7087 574
7088 10
7089 638
7090 709
7091 465
7092 305
7093 339
7094 517
7095 247
7096 200
7097 377
7098 419
7099 575
7100 710
7101 639
7102 180
7103 162
7104 118
7105 466
7106 275
7107 518
7108 33
7109 146
7110 711
7111 86
7112 640
7113 576
7114 340
7115 306
7116 420
7117 378
7118 223
7119 467
7120 712
7121 519
7122 24
7123 641
7124 248
7125 577
7126 41
7127 14
7128 201
7129 276
7130 713
7131 96
7132 421
7133 341
7134 642
7135 520
7136 468
7137 578
7138 379
7139 181
7140 714
7141 307
7142 37
7143 163
7144 132
7145 643
7146 224
7147 249
7148 521
7149 579
7150 715
7151 422
7152 469
7153 70
7154 107
7155 380
7156 644
7157 342
7158 277
7159 147
7160 716
7161 308
7162 580
7163 522
7164 119
7165 202
7166 470
7167 645
7168 423
7169 63
7170 717
7171 78
7172 182
7173 381
7174 581
7175 51
7176 523
7177 343
7178 646
7179 250
7180 718
7181 225
7182 471
7183 278
7184 424
7185 309
7186 582
7187 9
7188 164
7189 647
7190 719
7191 524
7192 87
7193 382
7194 46
7195 133
7196 472
7197 344
7198 583
7199 203
7200 720
7201 648
7202 425
7203 57
7204 525
7205 148
7206 251
7207 310
7208 279
7209 383
7210 721
7211 584
7212 649
7213 473
7214 97
7215 226
7216 183
7217 526
7218 426
7219 345
7220 722
7221 30
7222 120
7223 650
7224 585
7225 108
7226 165
7227 474
7228 27
7229 384
7230 723
7231 527
7232 311
7233 204
7234 651
7235 427
7236 586
7237 280
7238 252
7239 346
7240 724
7241 4
7242 475
7243 0
7244 528
7245 652
7246 227
7247 71
7248 587
7249 385
7250 725
7251 134
7252 428
7253 184
7254 312
7255 149
7256 653
7257 476
7258 529
7259 79
7260 726
7261 588
7262 347
7263 281
7264 22
7265 253
7266 386
7267 654
7268 429
7269 88
7270 727
7271 205
7272 530
7273 589
7274 477
7275 166
7276 228
7277 313
7278 655
7279 64
7280 728
7281 348
7282 121
7283 98
7284 430
7285 590
7286 531
7287 387
7288 478
7289 656
7290 729
7291 282
7292 109
7293 185
7294 254
7295 16
7296 42
7297 591
7298 314
7299 532
7300 730
7301 657
7302 349
7303 431
7304 479
7305 150
7306 388
7307 206
7308 229
7309 592
7310 731
7311 135
7312 658
7313 283
7314 533
7315 52
7316 167
7317 34
7318 480
7319 432
7320 732
7321 255
7322 593
7323 659
7324 350
7325 389
7326 315
7327 534
7328 58
7329 2
7330 733
7331 186
7332 47
7333 481
7334 660
7335 594
7336 122
7337 433
7338 284
7339 230
7340 734
7341 535
7342 207
7343 390
7344 351
7345 661
7346 80
7347 595
7348 316
7349 482
7350 735
7351 89
7352 256
7353 434
7354 536
7355 151
7356 662
7357 110
7358 168
7359 596
7360 736
7361 136
7362 391
7363 285
7364 483
7365 352
7366 99
7367 663
7368 537
7369 187
7370 737
7371 435
7372 597
7373 317
7374 231
7375 72
7376 208
7377 257
7378 664
7379 484
7380 738
7381 392
7382 538
7383 38
7384 598
7385 20
7386 353
7387 436
7388 65
7389 665
7390 739
7391 286
7392 18
7393 318
7394 485
7395 539
7396 599
7397 123
7398 152
7399 393
7400 740
7401 666
7402 169
7403 232
7404 437
7405 25
7406 354
7407 258
7408 600
7409 540
7410 741
7411 486
7412 667
7413 188
7414 209
7415 287
7416 319
7417 394
7418 31
7419 438
7420 742
7421 601
7422 137
7423 668
7424 541
7425 13
7426 487
7427 111
7428 355
7429 53
7430 743
7431 100
7432 233
7433 602
7434 669
7435 259
7436 395
7437 542
7438 439
7439 90
7440 744
7441 488
7442 320
7443 288
7444 81
7445 670
7446 603
7447 170
7448 356
7449 210
7450 745
7451 543
7452 189
7453 153
7454 440
7455 489
7456 671
7457 396
7458 604
7459 59
7460 746
7461 124
7462 73
7463 321
7464 544
7465 260
7466 289
7467 672
7468 357
7469 234
7470 747
7471 605
7472 490
7473 441
7474 138
7475 397
7476 28
7477 545
7478 673
7479 43
7480 748
7481 6
7482 211
7483 606
7484 112
7485 322
7486 491
7487 190
7488 442
7489 674
7490 749
7491 358
7492 546
7493 171
7494 398
7495 607
7496 290
7497 261
7498 66
7499 235
7500 750
7501 675
7502 492
7503 154
7504 48
7505 547
7506 443
7507 608
7508 101
7509 323
7510 751
7511 359
7512 676
7513 399
7514 3
7515 125
7516 493
7517 212
7518 548
7519 609
7520 752
7521 291
7522 139
7523 677
7524 444
7525 262
7526 91
7527 191
7528 236
7529 400
7530 753
7531 494
7532 610
7533 549
7534 678
7535 360
7536 324
7537 35
7538 172
7539 445
7540 754
7541 82
7542 39
7543 292
7544 611
7545 679
7546 155
7547 550
7548 495
7549 1
7550 755
7551 401
7552 263
7553 361
7554 213
7555 446
7556 680
7557 612
7558 325
7559 113
7560 756
7561 551
7562 74
7563 496
7564 237
7565 12
7566 192
7567 681
7568 402
7569 613
7570 757
7571 293
7572 60
7573 447
7574 552
7575 362
7576 140
7577 497
7578 682
7579 173
7580 758
7581 326
7582 614
7583 264
7584 126
7585 102
7586 403
7587 553
7588 214
7589 683
7590 759
7591 448
7592 54
7593 498
7594 615
7595 238
7596 363
7597 294
7598 156
7599 23
7600 760
7601 684
7602 554
7603 327
7604 92
7605 404
7606 616
7607 449
7608 499
7609 193
7610 761
7611 265
7612 685
7613 67
7614 15
7615 555
7616 364
7617 114
7618 617
7619 174
7620 762
7621 295
7622 215
7623 686
7624 500
7625 450
7626 405
7627 328
7628 556
7629 239
7630 763
7631 618
7632 83
7633 141
7634 687
7635 7
7636 365
7637 266
7638 501
7639 127
7640 764
7641 451
7642 557
7643 619
7644 157
7645 688
7646 406
7647 194
7648 296
7649 329
7650 765
7651 44
7652 49
7653 502
7654 103
7655 620
7656 689
7657 558
7658 366
7659 452
7660 766
7661 240
7662 216
7663 407
7664 75
7665 267
7666 175
7667 690
7668 621
7669 503
7670 767
7671 559
7672 32
7673 330
7674 297
7675 453
7676 5
7677 367
7678 691
7679 93
7680 768
7681 622
7682 408
7683 142
7684 560
7685 504
7686 195
7687 115
7688 241
7689 692
7690 769
7691 158
7692 454
7693 623
7694 268
7695 331
7696 217
7697 561
7698 368
7699 505
7700 770
7701 693
7702 409
7703 298
7704 26
7705 624
7706 128
7707 61
7708 455
7709 176
7710 771
7711 562
7712 694
7713 29
7714 84
7715 506
7716 68
7717 625
7718 332
7719 410
7720 772
7721 369
7722 242
7723 695
7724 269
7725 563
7726 456
7727 299
7728 196
7729 626
7730 773
7731 507
7732 104
7733 218
7734 696
7735 55
7736 143
7737 411
7738 564
7739 159
7740 774
7741 370
7742 627
7743 457
7744 333
7745 697
7746 508
7747 40
7748 36
7749 177
7750 775
7751 300
7752 565
7753 270
7754 628
7755 243
7756 698
7757 412
7758 116
7759 458
7760 776
7761 509
7762 129
7763 371
7764 197
7765 566
7766 629
7767 699
7768 334
7769 219
7770 777
7771 76
7772 94
7773 21
7774 413
7775 510
7776 459
7777 301
7778 700
7779 630
7780 778
7781 567
7782 17
7783 271
7784 372
7785 19
7786 244
7787 335
7788 160
7789 701
7790 779
7791 511
7792 631
7793 144
7794 568
7795 460
7796 414
7797 178
7798 50
7799 220
7800 780
7801 702
7802 302
7803 373
7804 632
7805 198
7806 512
7807 569
7808 105
7809 272
7810 781
7811 461
7812 703
7813 336
7814 415
7815 85
7816 633
7817 45
7818 245
7819 130
7820 782
7821 570
7822 513
7823 704
7824 117
7825 374
7826 62
7827 462
7828 634
7829 303
7830 783
7831 69
7832 416
7833 161
7834 705
7835 571
7836 337
7837 514
7838 221
7839 273
7840 784
7841 635
7842 179
7843 199
7844 463
7845 706
7846 375
7847 11
7848 572
7849 246
7850 785
7851 417
7852 515
7853 636
7854 145
7855 304
7856 707
7857 95
7858 338
7859 8
7860 786
7861 464
7862 573
7863 77
7864 56
7865 637
7866 376
7867 708
7868 516
7869 274
7870 787
7871 418
7872 106
7873 222
7874 131
7875 574
7876 10
7877 638
7878 709
7879 465
7880 788
7881 305
7882 339
7883 517
7884 247
7885 200
7886 377
7887 419
7888 575
7889 710
7890 789
7891 639
7892 180
7893 162
7894 118
7895 466
7896 275
7897 518
7898 33
7899 146
7900 790
7901 711
7902 86
7903 640
7904 576
7905 340
7906 306
7907 420
7908 378
7909 223
7910 791
7911 467
7912 712
7913 519
7914 24
7915 641
7916 248
7917 577
7918 41
7919 14
7920 792
7921 201
7922 276
7923 713
7924 96
7925 421
7926 341
7927 642
7928 520
7929 468
7930 793
7931 578
7932 379
7933 181
7934 714
7935 307
7936 37
7937 163
7938 132
7939 643
7940 794
7941 224
7942 249
7943 521
7944 579
7945 715
7946 422
7947 469
7948 70
7949 107
7950 795
7951 380
7952 644
7953 342
7954 277
7955 147
7956 716
7957 308
7958 580
7959 522
7960 796
7961 119
7962 202
7963 470
7964 645
7965 423
7966 63
7967 717
7968 78
7969 182
7970 797
7971 381
7972 581
7973 51
7974 523
7975 343
7976 646
7977 250
7978 718
7979 225
7980 798
7981 471
7982 278
7983 424
7984 309
7985 582
7986 9
7987 164
7988 647
7989 719
7990 799
7991 524
7992 87
7993 382
7994 46
7995 133
7996 472
7997 344
7998 583
7999 203
8000 800
8001 720
8002 648
8003 425
8004 57
8005 525
8006 148
8007 251
8008 310
8009 279
8010 801
8011 383
8012 721
8013 584
8014 649
8015 473
8016 97
8017 226
8018 183
8019 526
8020 802
8021 426
8022 345
8023 722
8024 30
8025 120
8026 650
8027 585
8028 108
8029 165
8030 803
8031 474
8032 27
8033 384
8034 723
8035 527
8036 311
8037 204
8038 651
8039 427
8040 804
8041 586
8042 280
8043 252
8044 346
8045 724
8046 4
8047 475
8048 0
8049 528
8050 805
8051 652
8052 227
8053 71
8054 587
8055 385
8056 725
8057 134
8058 428
8059 184
8060 806
8061 312
8062 149
8063 653
8064 476
8065 529
8066 79
8067 726
8068 588
8069 347
8070 807
8071 281
8072 22
8073 253
8074 386
8075 654
8076 429
8077 88
8078 727
8079 205
8080 808
8081 530
8082 589
8083 477
8084 166
8085 228
8086 313
8087 655
8088 64
8089 728
8090 809
8091 348
8092 121
8093 98
8094 430
8095 590
8096 531
8097 387
8098 478
8099 656
8100 810
8101 729
8102 282
8103 109
8104 185
8105 254
8106 16
8107 42
8108 591
8109 314
8110 811
8111 532
8112 730
8113 657
8114 349
8115 431
8116 479
8117 150
8118 388
8119 206
8120 812
8121 229
8122 592
8123 731
8124 135
8125 658
8126 283
8127 533
8128 52
8129 167
8130 813
8131 34
8132 480
8133 432
8134 732
8135 255
8136 593
8137 659
8138 350
8139 389
8140 814
8141 315
8142 534
8143 58
8144 2
8145 733
8146 186
8147 47
8148 481
8149 660
8150 815
8151 594
8152 122
8153 433
8154 284
8155 230
8156 734
8157 535
8158 207
8159 390
8160 816
8161 351
8162 661
8163 80
8164 595
8165 316
8166 482
8167 735
8168 89
8169 256
8170 817
8171 434
8172 536
8173 151
8174 662
8175 110
8176 168
8177 596
8178 736
8179 136
8180 818
8181 391
8182 285
8183 483
8184 352
8185 99
8186 663
8187 537
8188 187
8189 737
8190 819
8191 435
8192 597
8193 317
8194 231
8195 72
8196 208
8197 257
8198 664
8199 484
8200 820
8201 738
8202 392
8203 538
8204 38
8205 598
8206 20
8207 353
8208 436
8209 65
8210 821
8211 665
8212 739
8213 286
8214 18
8215 318
8216 485
8217 539
8218 599
8219 123
8220 822
8221 152
8222 393
8223 740
8224 666
8225 169
8226 232
8227 437
8228 25
8229 354
8230 823
8231 258
8232 600
8233 540
8234 741
8235 486
8236 667
8237 188
8238 209
8239 287
8240 824
8241 319
8242 394
8243 31
8244 438
8245 742
8246 601
8247 137
8248 668
8249 541
8250 825
8251 13
8252 487
8253 111
8254 355
8255 53
8256 743
8257 100
8258 233
8259 602
8260 826
8261 669
8262 259
8263 395
8264 542
8265 439
8266 90
8267 744
8268 488
8269 320
8270 827
8271 288
8272 81
8273 670
8274 603
8275 170
8276 356
8277 210
8278 745
8279 543
8280 828
8281 189
8282 153
8283 440
8284 489
8285 671
8286 396
8287 604
8288 59
8289 746
8290 829
8291 124
8292 73
8293 321
8294 544
8295 260
8296 289
8297 672
8298 357
8299 234
8300 830
8301 747
8302 605
8303 490
8304 441
8305 138
8306 397
8307 28
8308 545
8309 673
8310 831
8311 43
8312 748
8313 6
8314 211
8315 606
8316 112
8317 322
8318 491
8319 190
8320 832
8321 442
8322 674
8323 749
8324 358
8325 546
8326 171
8327 398
8328 607
8329 290
8330 833
8331 261
8332 66
8333 235
8334 750
8335 675
8336 492
8337 154
8338 48
8339 547
8340 834
8341 443
8342 608
8343 101
8344 323
8345 751
8346 359
8347 676
8348 399
8349 3
8350 835
8351 125
8352 493
8353 212
8354 548
8355 609
8356 752
8357 291
8358 139
8359 677
8360 836
8361 444
8362 262
8363 91
8364 191
8365 236
8366 400
8367 753
8368 494
8369 610
8370 837
8371 549
8372 678
8373 360
8374 324
8375 35
8376 172
8377 445
8378 754
8379 82
8380 838
8381 39
8382 292
8383 611
8384 679
8385 155
8386 550
8387 495
8388 1
8389 755
8390 839
8391 401
8392 263
8393 361
8394 213
8395 446
8396 680
8397 612
8398 325
8399 113
8400 840
8401 756
8402 551
8403 74
8404 496
8405 237
8406 12
8407 192
8408 681
8409 402
8410 841
8411 613
8412 757
8413 293
8414 60
8415 447
8416 552
8417 362
8418 140
8419 497
8420 842
8421 682
8422 173
8423 758
8424 326
8425 614
8426 264
8427 126
8428 102
8429 403
8430 843
8431 553
8432 214
8433 683
8434 759
8435 448
8436 54
8437 498
8438 615
8439 238
8440 844
8441 363
8442 294
8443 156
8444 23
8445 760
8446 684
8447 554
8448 327
8449 92
8450 845
8451 404
8452 616
8453 449
8454 499
8455 193
8456 761
8457 265
8458 685
8459 67
8460 846
8461 15
8462 555
8463 364
8464 114
8465 617
8466 174
8467 762
8468 295
8469 215
8470 847
8471 686
8472 500
8473 450
8474 405
8475 328
8476 556
8477 239
8478 763
8479 618
8480 848
8481 83
8482 141
8483 687
8484 7
8485 365
8486 266
8487 501
8488 127
8489 764
8490 849
8491 451
8492 557
8493 619
8494 157
8495 688
8496 406
8497 194
8498 296
8499 329
8500 850
8501 765
8502 44
8503 49
8504 502
8505 103
8506 620
8507 689
8508 558
8509 366
8510 851
8511 452
8512 766
8513 240
8514 216
8515 407
8516 75
8517 267
8518 175
8519 690
8520 852
8521 621
8522 503
8523 767
8524 559
8525 32
8526 330
8527 297
8528 453
8529 5
8530 853
8531 367
8532 691
8533 93
8534 768
8535 622
8536 408
8537 142
8538 560
8539 504
8540 854
8541 195
8542 115
8543 241
8544 692
8545 769
8546 158
8547 454
8548 623
8549 268
8550 855
8551 331
8552 217
8553 561
8554 368
8555 505
8556 770
8557 693
8558 409
8559 298
8560 856
8561 26
8562 624
8563 128
8564 61
8565 455
8566 176
8567 771
8568 562
8569 694
8570 857
8571 29
8572 84
8573 506
8574 68
8575 625
8576 332
8577 410
8578 772
8579 369
8580 858
8581 242
8582 695
8583 269
8584 563
8585 456
8586 299
8587 196
8588 626
8589 773
8590 859
8591 507
8592 104
8593 218
8594 696
8595 55
8596 143
8597 411
8598 564
8599 159
8600 860
8601 774
8602 370
8603 627
8604 457
8605 333
8606 697
8607 508
8608 40
8609 36
8610 861
8611 177
8612 775
8613 300
8614 565
8615 270
8616 628
8617 243
8618 698
8619 412
8620 862
8621 116
8622 458
8623 776
8624 509
8625 129
8626 371
8627 197
8628 566
8629 629
8630 863
8631 699
8632 334
8633 219
8634 777
8635 76
8636 94
8637 21
8638 413
8639 510
8640 864
8641 459
8642 301
8643 700
8644 630
8645 778
8646 567
8647 17
8648 271
8649 372
8650 865
8651 19
8652 244
8653 335
8654 160
8655 701
8656 779
8657 511
8658 631
8659 144
8660 866
8661 568
8662 460
8663 414
8664 178
8665 50
8666 220
8667 780
8668 702
8669 302
8670 867
8671 373
8672 632
8673 198
8674 512
8675 569
8676 105
8677 272
8678 781
8679 461
8680 868
8681 703
8682 336
8683 415
8684 85
8685 633
8686 45
8687 245
8688 130
8689 782
8690 869
8691 570
8692 513
8693 704
8694 117
8695 374
8696 62
8697 462
8698 634
8699 303
8700 870
8701 783
8702 69
8703 416
8704 161
8705 705
8706 571
8707 337
8708 514
8709 221
8710 871
8711 273
8712 784
8713 635
8714 179
8715 199
8716 463
8717 706
8718 375
8719 11
8720 872
8721 572
8722 246
8723 785
8724 417
8725 515
8726 636
8727 145
8728 304
8729 707
8730 873
8731 95
8732 338
8733 8
8734 786
8735 464
8736 573
8737 77
8738 56
8739 637
8740 874
8741 376
8742 708
8743 516
8744 274
8745 787
8746 418
8747 106
8748 222
8749 131
8750 875
8751 574
8752 10
8753 638
8754 709
8755 465
8756 788
8757 305
8758 339
8759 517
8760 876
8761 247
8762 200
8763 377
8764 419
8765 575
8766 710
8767 789
8768 639
8769 180
8770 877
8771 162
8772 118
8773 466
8774 275
8775 518
8776 33
8777 146
8778 790
8779 711
8780 878
8781 86
8782 640
8783 576
8784 340
8785 306
8786 420
8787 378
8788 223
8789 791
8790 879
8791 467
8792 712
8793 519
8794 24
8795 641
8796 248
8797 577
8798 41
8799 14
8800 880
8801 792
8802 201
8803 276
8804 713
8805 96
8806 421
8807 341
8808 642
8809 520
8810 881
8811 468
8812 793
8813 578
8814 379
8815 181
8816 714
8817 307
8818 37
8819 163
8820 882
8821 132
8822 643
8823 794
8824 224
8825 249
8826 521
8827 579
8828 715
8829 422
8830 883
8831 469
8832 70
8833 107
8834 795
8835 380
8836 644
8837 342
8838 277
8839 147
8840 884
8841 716
8842 308
8843 580
8844 522
8845 796
8846 119
8847 202
8848 470
8849 645
8850 885
8851 423
8852 63
8853 717
8854 78
8855 182
8856 797
8857 381
8858 581
8859 51
8860 886
8861 523
8862 343
8863 646
8864 250
8865 718
8866 225
8867 798
8868 471
8869 278
8870 887
8871 424
8872 309
8873 582
8874 9
8875 164
8876 647
8877 719
8878 799
8879 524
8880 888
8881 87
8882 382
8883 46
8884 133
8885 472
8886 344
8887 583
8888 203
8889 800
8890 889
8891 720
8892 648
8893 425
8894 57
8895 525
8896 148
8897 251
8898 310
8899 279
8900 890
8901 801
8902 383
8903 721
8904 584
8905 649
8906 473
8907 97
8908 226
8909 183
8910 891
8911 526
8912 802
8913 426
8914 345
8915 722
8916 30
8917 120
8918 650
8919 585
8920 892
8921 108
8922 165
8923 803
8924 474
8925 27
8926 384
8927 723
8928 527
8929 311
8930 893
8931 204
8932 651
8933 427
8934 804
8935 586
8936 280
8937 252
8938 346
8939 724
8940 894
8941 4
8942 475
8943 0
8944 528
8945 805
8946 652
8947 227
8948 71
8949 587
8950 895
8951 385
8952 725
8953 134
8954 428
8955 184
8956 806
8957 312
8958 149
8959 653
8960 896
8961 476
8962 529
8963 79
8964 726
8965 588
8966 347
8967 807
8968 281
8969 22
8970 897
8971 253
8972 386
8973 654
8974 429
8975 88
8976 727
8977 205
8978 808
8979 530
8980 898
8981 589
8982 477
8983 166
8984 228
8985 313
8986 655
8987 64
8988 728
8989 809
8990 899
8991 348
8992 121
8993 98
8994 430
8995 590
8996 531
8997 387
8998 478
8999 656
9000 900
9001 810
9002 729
9003 282
9004 109
9005 185
9006 254
9007 16
9008 42
9009 591
9010 901
9011 314
9012 811
9013 532
9014 730
9015 657
9016 349
9017 431
9018 479
9019 150
9020 902
9021 388
9022 206
9023 812
9024 229
9025 592
9026 731
9027 135
9028 658
9029 283
9030 903
9031 533
9032 52
9033 167
9034 813
9035 34
9036 480
9037 432
9038 732
9039 255
9040 904
9041 593
9042 659
9043 350
9044 389
9045 814
9046 315
9047 534
9048 58
9049 2
9050 905
9051 733
9052 186
9053 47
9054 481
9055 660
9056 815
9057 594
9058 122
9059 433
9060 906
9061 284
9062 230
9063 734
9064 535
9065 207
9066 390
9067 816
9068 351
9069 661
9070 907
9071 80
9072 595
9073 316
9074 482
9075 735
9076 89
9077 256
9078 817
9079 434
9080 908
9081 536
9082 151
9083 662
9084 110
9085 168
9086 596
9087 736
9088 136
9089 818
9090 909
9091 391
9092 285
9093 483
9094 352
9095 99
9096 663
9097 537
9098 187
9099 737
9100 910
9101 819
9102 435
9103 597
9104 317
9105 231
9106 72
9107 208
9108 257
9109 664
9110 911
9111 484
9112 820
9113 738
9114 392
9115 538
9116 38
9117 598
9118 20
9119 353
9120 912
9121 436
9122 65
9123 821
9124 665
9125 739
9126 286
9127 18
9128 318
9129 485
9130 913
9131 539
9132 599
9133 123
9134 822
9135 152
9136 393
9137 740
9138 666
9139 169
9140 914
9141 232
9142 437
9143 25
9144 354
9145 823
9146 258
9147 600
9148 540
9149 741
9150 915
9151 486
9152 667
9153 188
9154 209
9155 287
9156 824
9157 319
9158 394
9159 31
9160 916
9161 438
9162 742
9163 601
9164 137
9165 668
9166 541
9167 825
9168 13
9169 487
9170 917
9171 111
9172 355
9173 53
9174 743
9175 100
9176 233
9177 602
9178 826
9179 669
9180 918
9181 259
9182 395
9183 542
9184 439
9185 90
9186 744
9187 488
9188 320
9189 827
9190 919
9191 288
9192 81
9193 670
9194 603
9195 170
9196 356
9197 210
9198 745
9199 543
9200 920
9201 828
9202 189
9203 153
9204 440
9205 489
9206 671
9207 396
9208 604
9209 59
9210 921
9211 746
9212 829
9213 124
9214 73
9215 321
9216 544
9217 260
9218 289
9219 672
9220 922
9221 357
9222 234
9223 830
9224 747
9225 605
9226 490
9227 441
9228 138
9229 397
9230 923
9231 28
9232 545
9233 673
9234 831
9235 43
9236 748
9237 6
9238 211
9239 606
9240 924
9241 112
9242 322
9243 491
9244 190
9245 832
9246 442
9247 674
9248 749
9249 358
9250 925
9251 546
9252 171
9253 398
9254 607
9255 290
9256 833
9257 261
9258 66
9259 235
9260 926
9261 750
9262 675
9263 492
9264 154
9265 48
9266 547
9267 834
9268 443
9269 608
9270 927
9271 101
9272 323
9273 751
9274 359
9275 676
9276 399
9277 3
9278 835
9279 125
9280 928
9281 493
9282 212
9283 548
9284 609
9285 752
9286 291
9287 139
9288 677
9289 836
9290 929
9291 444
9292 262
9293 91
9294 191
9295 236
9296 400
9297 753
9298 494
9299 610
9300 930
9301 837
9302 549
9303 678
9304 360
9305 324
9306 35
9307 172
9308 445
9309 754
9310 931
9311 82
9312 838
9313 39
9314 292
9315 611
9316 679
9317 155
9318 550
9319 495
9320 932
9321 1
9322 755
9323 839
9324 401
9325 263
9326 361
9327 213
9328 446
9329 680
9330 933
9331 612
9332 325
9333 113
9334 840
9335 756
9336 551
9337 74
9338 496
9339 237
9340 934
9341 12
9342 192
9343 681
9344 402
9345 841
9346 613
9347 757
9348 293
9349 60
9350 935
9351 447
9352 552
9353 362
9354 140
9355 497
9356 842
9357 682
9358 173
9359 758
9360 936
9361 326
9362 614
9363 264
9364 126
9365 102
9366 403
9367 843
9368 553
9369 214
9370 937
9371 683
9372 759
9373 448
9374 54
9375 498
9376 615
9377 238
9378 844
9379 363
9380 938
9381 294
9382 156
9383 23
9384 760
9385 684
9386 554
9387 327
9388 92
9389 845
9390 939
9391 404
9392 616
9393 449
9394 499
9395 193
9396 761
9397 265
9398 685
9399 67
9400 940
9401 846
9402 15
9403 555
9404 364
9405 114
9406 617
9407 174
9408 762
9409 295
9410 941
9411 215
9412 847
9413 686
9414 500
9415 450
9416 405
9417 328
9418 556
9419 239
9420 942
9421 763
9422 618
9423 848
9424 83
9425 141
9426 687
9427 7
9428 365
9429 266
9430 943
9431 501
9432 127
9433 764
9434 849
9435 451
9436 557
9437 619
9438 157
9439 688
9440 944
9441 406
9442 194
9443 296
9444 329
9445 850
9446 765
9447 44
9448 49
9449 502
9450 945
9451 103
9452 620
9453 689
9454 558
9455 366
9456 851
9457 452
9458 766
9459 240
9460 946
9461 216
9462 407
9463 75
9464 267
9465 175
9466 690
9467 852
9468 621
9469 503
9470 947
9471 767
9472 559
9473 32
9474 330
9475 297
9476 453
9477 5
9478 853
9479 367
9480 948
9481 691
9482 93
9483 768
9484 622
9485 408
9486 142
9487 560
9488 504
9489 854
9490 949
9491 195
9492 115
9493 241
9494 692
9495 769
9496 158
9497 454
9498 623
9499 268
9500 950
9501 855
9502 331
9503 217
9504 561
9505 368
9506 505
9507 770
9508 693
9509 409
9510 951
9511 298
9512 856
9513 26
9514 624
9515 128
9516 61
9517 455
9518 176
9519 771
9520 952
9521 562
9522 694
9523 857
9524 29
9525 84
9526 506
9527 68
9528 625
9529 332
9530 953
9531 410
9532 772
9533 369
9534 858
9535 242
9536 695
9537 269
9538 563
9539 456
9540 954
9541 299
9542 196
9543 626
9544 773
9545 859
9546 507
9547 104
9548 218
9549 696
9550 955
9551 55
9552 143
9553 411
9554 564
9555 159
9556 860
9557 774
9558 370
9559 627
9560 956
9561 457
9562 333
9563 697
9564 508
9565 40
9566 36
9567 861
9568 177
9569 775
9570 957
9571 300
9572 565
9573 270
9574 628
9575 243
9576 698
9577 412
9578 862
9579 116
9580 958
9581 458
9582 776
9583 509
9584 129
9585 371
9586 197
9587 566
9588 629
9589 863
9590 959
9591 699
9592 334
9593 219
9594 777
9595 76
9596 94
9597 21
9598 413
9599 510
9600 960
9601 864
9602 459
9603 301
9604 700
9605 630
9606 778
9607 567
9608 17
9609 271
9610 961
9611 372
9612 865
9613 19
9614 244
9615 335
9616 160
9617 701
9618 779
9619 511
9620 962
9621 631
9622 144
9623 866
9624 568
9625 460
9626 414
9627 178
9628 50
9629 220
9630 963
9631 780
9632 702
9633 302
9634 867
9635 373
9636 632
9637 198
9638 512
9639 569
9640 964
9641 105
9642 272
9643 781
9644 461
9645 868
9646 703
9647 336
9648 415
9649 85
9650 965
9651 633
9652 45
9653 245
9654 130
9655 782
9656 869
9657 570
9658 513
9659 704
9660 966
9661 117
9662 374
9663 62
9664 462
9665 634
9666 303
9667 870
9668 783
9669 69
9670 967
9671 416
9672 161
9673 705
9674 571
9675 337
9676 514
9677 221
9678 871
9679 273
9680 968
9681 784
9682 635
9683 179
9684 199
9685 463
9686 706
9687 375
9688 11
9689 872
9690 969
9691 572
9692 246
9693 785
9694 417
9695 515
9696 636
9697 145
9698 304
9699 707
9700 970
9701 873
9702 95
9703 338
9704 8
9705 786
9706 464
9707 573
9708 77
9709 56
9710 971
9711 637
9712 874
9713 376
9714 708
9715 516
9716 274
9717 787
9718 418
9719 106
9720 972
9721 222
9722 131
9723 875
9724 574
9725 10
9726 638
9727 709
9728 465
9729 788
9730 973
9731 305
9732 339
9733 517
9734 876
9735 247
9736 200
9737 377
9738 419
9739 575
9740 974
9741 710
9742 789
9743 639
9744 180
9745 877
9746 162
9747 118
9748 466
9749 275
9750 975
9751 518
9752 33
9753 146
9754 790
9755 711
9756 878
9757 86
9758 640
9759 576
9760 976
9761 340
9762 306
9763 420
9764 378
9765 223
9766 791
9767 879
9768 467
9769 712
9770 977
9771 519
9772 24
9773 641
9774 248
9775 577
9776 41
9777 14
9778 880
9779 792
9780 978
9781 201
9782 276
9783 713
9784 96
9785 421
9786 341
9787 642
9788 520
9789 881
9790 979
9791 468
9792 793
9793 578
9794 379
9795 181
9796 714
9797 307
9798 37
9799 163
9800 980
9801 882
9802 132
9803 643
9804 794
9805 224
9806 249
9807 521
9808 579
9809 715
9810 981
9811 422
9812 883
9813 469
9814 70
9815 107
9816 795
9817 380
9818 644
9819 342
9820 982
9821 277
9822 147
9823 884
9824 716
9825 308
9826 580
9827 522
9828 796
9829 119
9830 983
9831 202
9832 470
9833 645
9834 885
9835 423
9836 63
9837 717
9838 78
9839 182
9840 984
9841 797
9842 381
9843 581
9844 51
9845 886
9846 523
9847 343
9848 646
9849 250
9850 985
9851 718
9852 225
9853 798
9854 471
9855 278
9856 887
9857 424
9858 309
9859 582
9860 986
9861 9
9862 164
9863 647
9864 719
9865 799
9866 524
9867 888
9868 87
9869 382
9870 987
9871 46
9872 133
9873 472
9874 344
9875 583
9876 203
9877 800
9878 889
9879 720
9880 988
9881 648
9882 425
9883 57
9884 525
9885 148
9886 251
9887 310
9888 279
9889 890
9890 989
9891 801
9892 383
9893 721
9894 584
9895 649
9896 473
9897 97
9898 226
9899 183
9900 990
9901 891
9902 526
9903 802
9904 426
9905 345
9906 722
9907 30
9908 120
9909 650
9910 991
9911 585
9912 892
9913 108
9914 165
9915 803
9916 474
9917 27
9918 384
9919 723
9920 992
9921 527
9922 311
9923 893
9924 204
9925 651
9926 427
9927 804
9928 586
9929 280
9930 993
9931 252
9932 346
9933 724
9934 894
9935 4
9936 475
9937 0
9938 528
9939 805
9940 994
9941 652
9942 227
9943 71
9944 587
9945 895
9946 385
9947 725
9948 134
9949 428
9950 995
9951 184
9952 806
9953 312
9954 149
9955 653
9956 896
9957 476
9958 529
9959 79
9960 996
9961 726
9962 588
9963 347
9964 807
9965 281
9966 22
9967 897
9968 253
9969 386
9970 997
9971 654
9972 429
9973 88
9974 727
9975 205
9976 808
9977 530
9978 898
9979 589
9980 998
9981 477
9982 166
9983 228
9984 313
9985 655
9986 64
9987 728
9988 809
9989 899
9990 999
9991 348
9992 121
9993 98
9994 430
9995 590
9996 531
9997 387
9998 478
9999 656
10000 1000
1000
