3000 14
1550 2534
529 1370
2569 670
1384 1233
2859 1437
2740 2408
2552 422
647 2050
711 858
717 2813
649 634
2264 798
601 1364
341 1894
1093 2640
2867 1536
766 1239
1148 2184
1639 403
356 1697
2870 1415
1334 433
2409 2515
526 2792
1977 987
1011 1540
1720 2748
1614 2735
1327 2877
2007 590
622 822
585 2550
2002 953
1501 2028
1778 1939
1401 339
530 2073
195 1418
2537 2192
1777 2091
2731 725
117 1215
988 1595
923 1625
1840 1795
2526 655
2108 1097
2837 910
291 829
1494 2245
1677 2533
828 2507
857 2621
2592 2511
2320 1426
1150 2373
1247 2335
243 945
330 2732
1810 1869
2197 182
1791 944
152 439
2878 2939
1135 780
272 51
343 278
224 659
2611 1788
540 2006
2686 1804
786 130
713 1704
1985 87
2908 907
2971 1230
1999 2145
2131 2826
2631 536
410 442
2242 363
2699 1445
1274 678
2481 548
2769 1765
2671 2614
1246 2469
1700 1912
1394 2716
1379 124
577 2945
596 1372
1546 2026
1465 2054
1849 670
667 1519
2882 406
1528 476
826 2892
1510 302
334 1483
1001 1586
374 1480
242 165
1468 1974
2422 870
1604 2994
2180 726
1639 323
40 1009
2832 490
2001 1559
2171 865
1918 17
2735 384
2561 819
500 2725
346 728
1408 1770
2270 4
804 91
1520 2470
673 145
426 1233
1771 1610
178 2148
1601 37
2891 88
1725 129
2347 1835
1421 2459
2749 2330
66 503
2853 514
1174 1361
2359 626
2304 2849
2529 789
1228 133
889 2526
2301 217
735 2010
2456 901
166 2696
2023 2419
1771 2136
281 2503
457 328
2818 1107
2371 1712
707 1305
2306 623
115 615
1834 2453
2909 1937
2544 2630
873 1432
1560 1982
806 2914
1773 1919
1440 2063
1608 492
2286 1135
1458 1374
256 53
1542 2793
1815 2348
1978 2653
1341 2983
2577 1543
1853 906
1472 2387
882 270
1744 341
565 1182
2105 2184
2766 2429
275 2774
1361 2476
1420 2174
1914 98
100 1599
2324 867
1728 419
755 2617
1094 1496
842 73
2509 810
225 2932
1577 1763
1462 1644
2470 2196
1365 2942
1519 188
2940 2164
2176 1172
605 2860
1603 693
13 473
1730 1768
1137 1337
1656 2123
2632 1558
2630 1688
1010 546
2522 1742
597 2717
1950 2590
1913 1245
2146 2331
134 2282
639 1705
2411 2355
93 2846
347 2165
2613 982
2374 930
1515 1860
1733 1099
1620 879
177 2738
2922 2583
80 631
1463 2791
1276 437
1084 1393
2103 657
82 429
1463 441
1116 541
2033 1711
55 1197
2127 1421
31 2432
2228 1800
1989 2950
1181 154
1922 2500
655 25
437 341
650 2331
136 2860
114 2310
1576 1328
1878 602
701 1172
2573 2400
1864 559
427 1852
1447 2863
2913 1865
1366 1708
2827 2881
778 2012
2201 2874
1248 1949
1100 2639
1170 755
1903 757
2557 2339
2792 1347
2583 1777
734 1484
127 187
2206 2070
2869 2209
1128 735
391 1307
2090 103
1424 2896
2450 1868
2256 43
1157 1293
1976 1794
1485 2461
828 359
954 2770
338 2486
1185 2375
2193 1694
416 1569
574 2093
1385 2468
2188 2661
484 225
1152 2951
2176 834
419 1223
1866 229
2276 2046
2022 2009
579 2527
324 2524
933 2276
1019 990
791 2376
377 1466
1394 154
999 1433
2377 983
1464 74
2509 2131
1837 30
1246 2723
1613 1033
2393 1428
2044 751
1781 144
1842 2856
1808 1774
827 877
1905 2497
693 740
477 1097
1540 796
1350 2432
1423 2971
563 1665
365 2229
766 2421
2666 1473
511 382
2059 67
2959 808
2585 2132
2431 634
2183 1239
1174 1884
2516 2924
1053 1395
2779 178
1348 2019
464 2945
2514 1167
500 1779
2043 2128
143 1937
2498 2405
924 1095
602 1203
304 127
1786 383
45 503
2861 1495
2340 2508
870 209
2366 929
2484 1056
556 913
1095 2068
2543 1355
352 1360
2507 325
2072 2568
2001 1186
1454 376
535 682
2208 767
792 300
1525 1781
1296 1084
2042 2654
812 189
1686 1908
1064 368
576 1753
2583 2118
1139 966
855 729
1325 96
460 1877
2885 2417
445 830
1588 2370
2835 1288
2562 2145
2039 757
434 2711
2853 617
1307 2568
181 1786
1893 844
2401 1344
1297 2423
1206 690
1283 1388
1932 1516
269 2110
1664 2755
2831 903
2372 2439
1124 362
2769 1149
1314 262
1714 2457
1135 2829
411 2331
974 2445
570 64
1006 1357
1303 2594
228 2615
2958 1312
1477 279
119 748
2957 1707
289 1478
2081 2900
2593 1897
2462 2407
1025 634
1021 1410
1832 968
2840 94
1058 1309
2744 1269
1889 587
325 2159
2233 2625
1548 2334
2746 2561
1524 2731
1142 1819
796 454
1108 2318
155 2056
1718 1092
2705 755
1165 632
1693 1750
2225 2438
754 1926
1898 1052
2570 905
1118 1024
794 1733
1643 2160
444 3
2939 1966
2492 1968
150 481
1108 2712
471 2485
2219 1976
1143 1907
2531 2496
2181 583
2115 641
717 55
947 2793
1038 2077
770 2513
2364 1966
1921 1588
1633 336
2056 203
1183 659
1273 15
56 773
1883 2642
2030 549
2944 338
1596 2995
2155 2866
1919 339
644 478
2591 1115
2329 1227
547 63
941 2875
580 1036
1027 1673
319 1969
2745 758
699 714
1593 1734
2244 559
1019 2929
1439 291
881 1707
1065 2770
978 1809
1792 2397
1630 1430
30 2489
2753 2181
1502 560
2907 2784
2688 2856
2582 1186
1780 1008
1317 514
342 2422
208 1678
2390 139
2993 878
2967 285
463 1911
2934 1241
2767 544
2011 41
2921 2172
1106 2085
1113 281
2650 1763
1992 1351
454 1203
564 2730
375 381
2431 251
479 222
1080 1803
2195 2510
2351 135
170 1631
956 50
2280 249
2303 202
975 1605
1482 2336
1304 2144
71 2067
2962 2972
2478 1629
1115 138
818 2353
2296 1478
2543 689
805 2215
589 1665
1367 1219
241 2129
849 2650
937 2451
1079 1444
1779 2567
1249 1915
578 1766
656 733
1188 2298
934 479
601 1700
381 1346
2755 486
581 1289
2022 1867
1088 1437
2096 2027
763 2169
1872 2705
613 430
2026 302
1481 1748
2165 875
335 831
2523 188
1611 2610
818 258
2899 85
1757 1578
851 671
2848 1851
37 843
1167 123
969 1467
1589 1494
2132 1016
1594 1192
1030 2858
1147 2243
1603 1103
1427 892
2552 1029
1784 230
472 1643
2551 2861
2040 749
1604 1306
791 1649
2818 672
2034 727
310 1003
431 2796
1237 1539
2224 499
1443 1659
1257 2552
1136 986
1111 275
2947 2098
1823 1711
2479 1443
1946 2406
1892 2488
2779 2487
2691 2303
699 2801
539 8
1752 2545
2644 2886
1320 283
386 1089
2018 2836
490 731
46 104
392 2188
1318 140
1690 6
467 2401
839 1945
1372 2738
61 2736
2721 2655
2416 1567
670 827
1003 1567
171 1926
594 2157
1531 2806
570 149
683 2846
841 2835
1272 2109
1154 2430
232 726
245 846
493 1497
628 233
149 317
2444 290
1660 1919
1237 1175
937 2367
2731 154
1434 82
2058 2871
2904 538
817 845
2283 393
521 1765
1487 385
134 1663
282 929
2701 340
678 2104
456 1708
160 2100
2594 871
2864 2118
2931 1082
2217 902
789 1935
236 10
271 891
1326 1616
1925 1740
374 1077
922 1208
2703 108
1199 2178
2194 2980
250 760
2088 1218
2346 1896
2540 560
463 2706
172 372
2107 808
1002 2123
275 1906
1448 1901
858 1333
585 310
2099 52
1931 1309
2955 311
718 1251
1484 2272
2841 1862
116 2819
389 1027
388 2190
1746 2877
2170 2974
1373 1632
2029 1891
941 1131
2644 282
168 485
1433 831
1385 1052
680 1621
807 2619
2627 2797
2371 1820
1900 1737
210 35
65 2649
97 527
1525 1325
2520 397
2608 2732
896 1013
2710 174
1210 730
2006 502
1049 2845
1263 2600
233 1972
2004 912
1610 1316
2465 1369
2223 974
1619 1053
1282 1506
207 2714
2173 423
2517 2654
600 854
2704 2319
383 191
599 2402
1102 270
1456 866
1061 989
33 1924
2715 2657
2205 554
2113 1934
2603 2926
159 72
2067 1017
1650 1491
2393 2643
781 764
1865 176
1266 783
770 2937
2382 2727
1411 527
861 571
213 869
56 1047
913 2156
2600 2694
981 1548
1760 1638
2888 2929
2734 1739
2036 2948
2027 2804
700 631
2777 2462
1259 1425
2747 1916
1724 1955
2517 331
238 2242
2789 1489
2293 2092
405 350
245 537
1399 2121
1294 493
2060 323
1796 1007
2767 1368
671 175
508 2910
2565 687
1232 1119
682 46
240 1534
556 2266
2057 1726
2426 2742
2069 2635
89 891
2768 2752
2624 2553
1199 1184
2890 1005
1920 261
1162 156
317 779
591 2521
2290 44
286 2435
811 296
608 994
2442 2440
2240 2144
1703 49
2076 932
2647 1875
1857 894
666 2250
2122 1252
2312 1071
1180 1722
2736 406
322 1444
2263 679
1281 2174
2814 2110
1257 2014
161 2379
2684 334
243 1726
2683 2284
67 1301
59 2219
1312 1422
954 723
337 1691
525 2427
1713 2374
112 1636
963 1795
461 2305
848 1576
1585 508
1070 2621
2457 1318
2833 2611
894 619
2773 401
1967 2112
893 2599
2101 2851
645 603
2086 2587
2204 1256
147 2973
211 751
2491 1381
738 2953
2854 1861
135 497
2987 2003
838 2411
2725 2810
1987 2887
1075 2311
358 1299
2085 2295
1486 1602
593 1039
428 387
1934 798
2674 1209
2388 2563
664 655
1579 2510
2964 2362
1167 2987
292 2662
1202 1401
351 2755
223 1531
761 2584
1164 440
711 2449
312 2438
1506 1446
295 2275
1369 2626
906 2458
2501 2344
1255 2357
2754 2549
1564 2898
1240 513
2204 2133
61 970
95 1406
1572 248
2653 1784
853 1813
2131 1509
1513 2629
607 2254
557 142
1032 1686
229 1144
1715 2790
57 1616
1030 1691
894 2852
276 1254
702 1449
853 306
1638 898
2801 2153
2041 1725
2995 48
1323 157
2035 2468
1944 904
715 2084
1022 2608
2169 1541
2812 43
849 1871
2542 442
2267 1171
1987 2383
2412 850
1400 575
208 2097
872 1885
22 487
25 1713
989 1743
2589 1053
201 28
581 2122
11 2946
2689 1806
753 435
2997 2227
2633 676
1598 660
679 29
2226 2291
1530 685
2099 75
1680 1984
2775 469
756 7
644 2312
708 481
2368 759
445 664
1954 2861
546 1592
2221 2163
1580 2525
1363 1788
1130 1317
2727 1873
1391 2283
2473 1291
1606 330
852 2755
36 2401
2889 2991
1059 2761
1198 998
1459 1482
1163 762
1298 2158
702 1527
2493 960
980 977
362 220
801 2869
1928 2912
101 1054
2793 1591
2380 163
1382 2346
1675 1618
568 1790
1104 2007
899 1646
84 2354
598 985
5 2949
1987 2080
2102 1238
2387 1736
2788 1732
1668 1930
2884 1539
2213 1540
1498 1054
2004 1802
552 193
1196 1654
965 874
2420 1518
2531 551
1574 2968
180 1187
1568 1797
1037 840
832 2628
1517 299
1218 2785
2346 1557
1337 444
2641 710
2719 2806
1443 1727
303 2053
385 1057
399 959
278 1407
311 2845
1607 1723
554 1977
2425 671
367 2231
612 2371
80 2108
1927 1791
1849 774
2061 244
2094 357
1728 705
166 2117
172 1152
338 309
2969 266
2322 1090
1991 1073
1406 1508
1058 2710
1635 2285
1961 352
1860 1461
2989 669
464 397
1895 1242
1008 2433
1610 2863
2079 1095
1403 2683
880 685
2225 2765
750 721
2987 47
2390 2419
957 1517
952 1990
2751 1492
993 2505
1797 1721
765 2835
953 759
2532 114
2506 1669
455 1500
878 581
1231 67
662 1463
2265 39
1499 1210
75 657
22 1731
307 2533
1505 781
675 1998
1955 2207
1717 2529
618 1817
817 1822
2739 93
2490 2802
1581 55
582 2895
2974 1503
1616 1706
307 935
87 2963
2450 1536
2259 2412
1253 298
936 1161
961 1300
1473 1131
1226 1598
892 496
1040 2044
2485 2475
2843 436
1416 1145
2175 741
507 2931
1043 780
743 1592
1936 517
1561 2752
2773 1382
2919 1006
915 1526
130 321
1127 1791
2717 887
20 2941
1876 190
2224 1275
1102 81
529 747
2645 2734
2342 1831
2246 1942
192 1850
1681 1615
62 2603
2071 1699
107 183
724 2628
1772 2396
722 1556
2522 973
1976 1672
173 594
2328 2150
1550 2588
2464 1477
2616 1633
329 1294
777 2817
1746 1398
1050 404
2247 2417
2089 124
2660 1755
2936 518
2735 2183
1262 817
465 2869
707 2124
2580 1279
1249 2443
1322 2075
1573 418
54 108
2856 219
2463 1466
622 2899
1480 26
1907 2734
522 2786
2177 1109
2991 2171
1278 1920
495 2308
1324 2879
2654 2134
1165 1575
2309 2248
1214 1183
698 2798
956 1484
15 427
1810 92
403 258
2888 2600
2994 1956
324 165
2830 1076
116 1628
278 1429
2261 1406
263 1183
2840 447
2707 1751
1207 2055
1741 2410
768 1703
588 2747
1816 2854
2271 2518
2755 108
1940 1479
1771 971
2132 6
752 2522
1534 482
1375 2786
633 1277
1126 2763
2676 2405
566 1790
1529 432
292 2604
2618 995
1667 2427
2043 972
1385 1942
2945 2723
200 277
2825 12
1018 1268
1519 2333
207 1099
1149 800
2380 116
2120 1565
364 669
198 790
2546 1952
550 1889
2021 2722
1909 106
919 1662
2138 1655
2623 471
2307 1520
257 2947
1806 728
1586 2539
2907 2713
105 2215
1112 1207
137 884
849 2541
185 1544
461 561
1754 1014
2923 458
518 2954
1492 2300
2419 1759
1046 261
508 2675
2828 761
202 1176
1224 1141
1673 1023
2015 637
65 1902
2217 2447
1710 681
1484 78
2384 1044
2924 951
1761 1981
1052 1231
2352 2267
1829 539
618 900
1333 2861
1735 2199
1415 451
1806 274
2400 1649
2840 326
1458 2172
2324 921
2760 2592
2908 424
501 420
2740 816
2836 1606
2991 18
158 2648
1153 387
1225 2751
2087 2378
2892 1934
624 1151
1412 1751
1020 23
1424 1714
18 2652
1828 1198
2548 2332
2938 1697
782 908
1647 294
842 561
2193 1661
814 2789
1616 2558
715 287
1799 497
315 1550
1381 2547
2521 2738
1020 2496
643 1556
2065 2323
2502 1587
2062 122
1729 2448
1991 2325
2656 348
1508 1833
480 264
1758 1034
836 2602
2263 788
2664 1990
2606 1117
697 668
433 1465
2571 2607
2037 1171
1634 2375
1940 1312
1033 686
1641 1932
1189 1939
2308 1154
682 1471
1953 99
297 916
2244 1219
2030 1960
905 1402
982 2662
2321 2653
2439 508
1453 1797
1948 2927
2872 2092
2781 2825
1423 1885
786 2759
1814 1575
1657 2420
2446 320
1538 966
2508 1490
51 2169
1373 1078
2307 2079
638 2166
2119 1041
277 1304
1571 1415
1305 1775
1311 1723
2460 675
691 1544
244 2809
2942 1271
704 2200
1474 1516
400 427
345 587
2883 1718
2514 1798
2901 769
1124 1083
1306 586
897 2625
1805 1155
2839 895
1250 1566
2747 1631
2441 1517
1148 2720
2640 1039
300 984
2451 316
1087 540
2996 148
553 2798
1786 293
2816 1417
1156 1042
847 652
2637 1963
918 756
883 2876
2140 876
1602 2260
1747 62
1747 2564
2958 528
470 2970
873 472
1323 2695
749 1975
2081 2050
2218 603
448 158
2277 1899
1752 1321
1209 2940
2214 1279
196 960
413 2369
498 2211
1496 2414
706 326
146 101
661 1742
2690 746
1929 2074
1226 2202
2290 969
1890 624
2976 1161
2341 700
2127 2356
482 2187
332 1297
1083 2905
2069 2846
1145 996
1616 2830
2301 934
304 1081
2306 1628
2117 2242
1459 1091
818 542
2834 1824
803 1416
412 87
1430 1122
429 383
2692 658
2810 2549
835 1535
2862 2982
751 822
1062 2054
2078 2379
2744 1621
901 1658
1192 2797
2317 261
2603 333
1259 759
2917 1264
742 176
1408 1262
130 519
761 509
259 879
1332 1854
1000 2377
301 1558
1680 1841
1267 739
815 2389
2461 1715
2518 2852
1716 825
161 1235
477 692
2420 1783
974 419
2252 401
197 2356
1195 1079
2143 2200
2130 2297
373 1923
99 2130
1938 3000
2850 2515
1096 1633
1193 2346
2586 1769
636 476
68 1836
1847 2436
2424 113
1842 2016
2739 366
436 243
1452 1011
2933 246
1378 1439
229 102
1840 1397
2903 1753
109 686
2574 1066
1887 2440
2572 2930
1675 2105
890 687
1564 1269
2583 2803
2941 369
1553 1511
716 2923
1130 2581
111 2182
2771 884
190 955
2610 2728
1324 943
445 8
2842 2448
632 2930
963 2628
1893 379
2575 1848
332 538
833 2935
459 2295
1925 2210
1763 1552
2602 494
1442 2477
1418 1955
2757 654
1118 950
676 2453
2576 1800
2437 1597
2313 997
2669 2125
118 2015
2450 763
1766 1793
1221 1212
1609 2126
926 243
1899 121
2678 1915
1772 1838
2578 88
1533 523
2328 2960
2500 2944
2357 288
1358 100
214 1974
1854 103
1577 1816
1645 143
515 2150
689 1684
2126 757
2986 513
1615 2292
2634 313
385 1302
2571 2839
2106 168
703 2075
1962 17
2764 1647
1261 919
937 1897
1551 227
2822 906
939 1769
1459 888
1812 2394
1651 484
968 868
2700 2140
1116 802
2919 1315
2617 1752
750 86
2821 318
2885 354
2609 794
2558 2172
1345 1674
1050 2552
778 1586
2484 1648
1482 1011
1850 92
1843 2721
2168 2427
1220 813
1336 1121
2916 482
167 126
1983 1008
1492 611
253 2185
1624 1013
1401 2114
2430 1783
2597 32
2782 2934
597 512
2943 1282
1986 2054
1617 76
1240 623
1143 2262
1229 2990
65 783
2234 2153
1078 1114
449 2325
460 179
406 2232
1512 2418
388 1386
1164 2437
2639 1080
1147 2070
2363 303
1855 1431
493 2126
2136 2725
1593 199
2428 1208
484 1872
1732 911
811 154
2921 758
2294 2795
947 1466
1216 489
1229 2080
2235 77
182 893
2480 579
2933 2808
395 409
648 1376
2167 1562
605 2059
2330 1790
297 489
1710 703
2028 2474
1737 2047
719 1415
267 2985
1051 1285
453 2776
658 2028
501 1343
2612 390
221 394
2918 2418
565 489
2008 357
2039 2135
1312 2602
1361 1988
694 1488
187 635
1388 371
328 2799
402 1764
2787 745
1443 1237
1410 723
1789 70
2741 2964
2519 2887
644 1236
2288 645
36 772
453 1689
2287 237
1181 927
2397 720
2338 2283
1155 2489
1234 871
1476 793
442 2624
1026 1396
2482 1807
1545 2333
2253 1740
544 2350
1141 145
164 2395
1967 980
2203 2141
2019 1807
1653 1705
1693 457
2783 2845
976 520
147 2386
1682 2045
255 2155
1911 2115
1791 1699
1637 1243
1244 2796
598 737
787 2477
992 2559
2646 2943
1507 151
2537 2808
120 1004
399 1791
487 165
869 1818
538 2281
1664 2597
1377 637
1346 2677
364 71
2293 2074
610 712
262 803
2345 1505
1339 616
2473 1704
304 609
367 1194
1846 961
69 2691
1128 839
1307 2238
2480 2207
1146 2432
583 270
1242 2772
614 1162
1784 1313
652 940
1819 920
1914 1783
74 1014
620 1676
2848 2511
1060 1206
2077 1804
1462 328
440 1859
1168 1674
2998 2198
2305 1755
1048 1958
1308 744
656 2758
273 862
1360 980
2329 2636
1511 2672
2465 1125
268 785
2321 653
1133 92
868 2268
1924 468
505 1959
2614 2150
2780 584
2707 2268
260 1479
2244 1879
2750 1504
256 2811
491 2998
376 891
2965 1409
1977 604
793 532
679 684
715 954
1838 775
1179 1862
2046 2365
1341 2474
2637 821
2935 236
442 2212
1883 248
1556 2748
204 1488
901 2490
2866 2859
216 2044
505 1341
884 254
1776 2222
1789 2731
1033 2483
192 1463
2032 1613
2302 2369
1183 935
425 2274
1450 1031
2139 1624
1386 754
1105 305
1613 2394
2824 1290
1870 2502
581 699
1129 2679
1265 1507
2750 1125
1702 864
1046 2309
1375 408
2698 2000
1188 1857
1169 1899
2280 2525
1378 2999
1157 864
43 2
1416 575
978 326
2644 821
132 2100
2173 2101
2094 1191
1996 1880
2811 1679
1568 2190
1562 512
2673 1344
360 1158
762 2282
2897 1063
768 537
1267 1749
775 1583
1941 1094
1222 796
950 824
1064 1284
153 1238
302 511
142 2936
2241 2349
1844 34
573 1797
2566 426
2249 353
1676 108
263 2401
518 1973
2908 1054
1348 475
1514 2299
626 40
648 2154
2554 932
2724 556
1458 2820
2184 949
1065 1220
2597 2655
290 993
520 2478
1136 2946
325 616
2547 2304
2499 1417
1254 2957
2659 107
1392 1841
1856 1298
747 876
2874 590
2977 2398
1561 2679
1062 2408
1349 340
2961 1177
1762 2159
1668 387
2586 2726
2968 1595
2970 2129
1004 1188
2687 1184
2954 2658
685 770
128 1925
1960 2319
1756 1839
1522 1074
1204 303
150 2925
1858 421
1980 1670
186 444
786 2530
1629 1085
2880 1280
159 106
284 2729
1457 2093
1048 2161
674 1251
1982 1936
2348 2413
283 2158
2964 618
2869 958
879 1593
2408 1362
1468 1216
900 543
1329 630
2019 2442
1701 2538
319 2183
708 748
1098 1874
2538 1302
2033 1077
1993 2038
1558 642
690 1692
562 1281
2373 1383
787 808
1119 2295
973 2684
16 1682
1055 2693
2709 806
1695 1566
2254 2412
1354 2598
1311 2855
2123 2538
13 182
1526 2358
35 2428
584 862
1951 2222
972 2244
1599 1017
589 2488
365 169
2915 2434
404 1870
2152 59
2622 961
342 668
39 2996
1267 357
1408 523
520 2411
598 2448
417 198
2794 2966
1844 713
1979 2315
71 1933
1166 1218
2206 117
2720 1826
2068 2605
1556 2642
551 2273
348 59
2476 396
1876 199
795 2036
1743 627
890 1387
1328 841
295 1992
2911 409
2471 2919
1944 1426
2979 1609
2829 2702
127 1807
2049 991
440 707
2681 1145
2391 2817
797 2278
2627 2403
2454 21
318 1082
2756 569
2384 455
532 1513
2563 689
592 280
2514 1827
892 483
1491 1404
1093 3000
1959 1671
2582 370
2204 2965
2760 1201
1412 239
1776 137
226 168
809 284
764 1359
2665 1546
1016 1411
1397 611
1325 2494
1396 2995
1371 1537
2607 1854
1000 2299
468 38
2544 279
1035 2202
2377 2980
407 957
2217 2063
249 1869
162 342
1824 1994
2347 1258
2241 2467
2337 2065
424 234
551 2841
41 1339
2559 1782
651 1573
899 1923
194 415
1064 861
2761 712
2223 1026
303 398
1247 102
1123 773
443 205
2415 1782
1950 509
1436 1679
2895 2638
1947 1882
231 2148
1173 268
2465 250
2718 1379
786 1640
414 215
1398 141
572 1417
2020 2857
19 802
1420 1450
2335 2831
1280 1170
2837 2969
1972 2747
1970 572
1028 2292
2952 960
2277 620
2601 2195
2699 973
1669 166
917 2399
2775 1584
856 2326
572 866
2338 349
312 184
919 1689
2409 614
1086 2311
533 2407
1010 847
1666 665
1401 2340
455 9
1178 643
1 2048
1757 1670
2275 1261
2548 1295
1801 1655
463 442
2064 1560
2381 765
846 1360
2131 1530
2090 1250
1117 288
1375 1371
694 99
2683 381
37 2909
625 2634
2382 420
501 2577
1366 1757
2418 908
2966 2207
2189 183
2818 1085
733 2997
2519 2928
864 2576
1915 531
615 2894
2455 1908
2543 1110
177 2598
2449 2788
2125 360
2629 1140
1245 1943
2747 2230
1756 110
2641 1503
2389 131
2649 1469
1796 1758
1055 1321
2061 588
2256 2804
2095 948
2977 2536
821 1924
378 1724
1711 1877
2845 2076
1811 2239
1272 2708
2143 138
3 2528
2046 2825
925 1330
665 2322
355 2021
2762 66
285 2579
372 541
1235 466
688 2472
2786 2351
555 1831
220 704
1109 1342
2861 2146
2031 1067
2787 1072
1836 1979
921 2620
1213 1544
1161 2128
2844 2426
1486 1600
1928 906
2375 2977
2691 1997
450 510
488 228
2110 853
2378 2737
2535 1697
2654 155
1709 2588
2807 1882
589 1270
2121 1642
2774 2452
1051 1378
478 580
2434 730
2387 1696
1067 2004
2327 670
747 2962
1242 2874
2050 268
2179 1153
1801 2026
2708 1814
1273 769
2361 446
281 615
1532 2302
169 1973
2191 1685
1803 686
1217 1120
839 1134
90 1994
717 925
2712 1675
438 555
1878 2523
1787 2680
1794 392
243 1352
2349 21
28 2868
290 2633
1169 2446
1423 1061
1441 1730
481 44
2029 1312
2495 2191
2787 2695
1521 227
1087 1714
1928 6
2888 2220
2805 2772
323 2441
1891 2895
366 1983
1411 248
2992 278
1473 2208
1329 1786
1105 2167
711 1405
122 2186
1206 709
1120 863
1163 265
2454 1708
922 298
2082 1971
1821 1129
1316 1282
2290 77
1184 624
1064 825
483 2368
1349 2195
2667 1886
196 2082
221 2923
2392 176
728 912
2488 1792
677 2257
1351 1613
1471 2378
1904 2844
638 604
2540 2685
844 1819
2735 265
1595 2478
1576 1957
1241 236
2013 2902
1255 2162
727 1745
1205 903
2320 448
885 1671
943 281
2161 2663
395 1607
1297 1698
2770 1627
824 1541
1296 1722
1045 773
2261 918
2994 2672
2953 2099
547 721
2120 2316
1617 2063
1597 934
2009 421
2460 1638
2922 2111
2792 1494
1330 44
1245 1101
1921 2315
1636 158
1254 2460
812 1189
2958 1195
543 2327
798 252
152 87
20 857
1864 2689
1847 1440
1736 1529
621 907
2334 2524
368 853
2343 1493
1635 1996
2274 1542
2778 1761
2507 1994
2757 1995
2046 1258
225 2766
288 251
1972 1820
2868 1749
1590 1011
771 2151
308 2116
2092 342
225 2647
1808 74
2996 2906
883 398
548 2543
1417 2270
1458 2813
361 62
1473 193
431 1032
2987 15
823 2899
2978 1428
353 1405
2313 472
228 2258
1649 2407
1066 2151
979 567
1777 2147
698 394
909 2589
446 901
1274 2385
545 2988
279 1419
2185 1863
1622 398
1399 829
266 1626
1782 2466
1390 1315
2865 1243
2982 1166
2972 151
1888 799
280 2216
2389 1353
984 444
2221 2815
860 829
2612 2992
735 903
2222 2137
1431 1747
2102 1634
964 2456
2035 2847
2593 1705
213 2199
1094 2168
741 2595
570 409
325 168
1770 1092
2393 2733
1554 1402
1952 2960
1995 1197
1086 698
2985 2009
347 1547
2738 1015
2906 2436
1905 616
2610 2015
1141 2044
806 299
1455 1470
156 1900
257 480
2494 929
2952 506
2680 1687
2820 474
417 2876
1260 1968
2556 125
1461 612
2619 1089
1340 558
905 710
2075 205
2395 2774
1145 2893
2396 1194
2409 2396
1981 171
1451 2017
133 2866
1993 883
503 1472
918 564
1319 83
203 859
1634 1109
1245 2408
129 327
804 2575
2187 742
2956 2005
1550 1200
2516 2600
1460 2870
5 1218
1335 709
1469 524
1281 962
2670 516
2360 1960
619 999
1641 1057
1538 2733
891 2891
452 633
418 2648
2390 2036
2289 2385
1138 1628
721 1767
468 955
1136 2832
1328 1764
531 1599
1003 430
784 1236
1217 1258
2694 1190
993 488
58 2657
831 2596
2399 1623
1346 1383
2327 2664
1995 2568
1464 2561
2268 2015
279 2257
2965 2386
633 2139
2215 2000
2618 1708
78 2126
529 1523
1831 2123
247 1598
2548 1517
510 2168
2203 2024
938 2697
1275 1068
2077 774
1899 1156
1037 201
906 2461
1788 2251
2224 2961
1074 90
1739 1434
1437 2743
835 2278
885 2025
874 1917
1877 2620
1213 971
589 476
2237 286
2812 2961
1464 1589
1553 1912
910 1059
483 2487
1343 2097
1569 2158
2920 1340
2938 2574
776 2255
509 1839
327 387
2616 1563
2950 2334
344 1086
2742 2095
2066 1380
1703 551
1874 435
2141 532
1227 2939
640 401
1286 2116
1220 2624
2398 376
450 137
931 1234
2657 212
1789 2406
115 1901
1769 2922
1158 2454
1003 2021
183 719
1221 1627
797 1773
401 178
1226 897
253 2263
499 2064
1450 2690
1719 2239
2323 909
380 855
2354 1582
1900 545
1892 1269
2766 2034
1470 856
447 995
1379 1356
526 60
2451 1095
2475 1210
1601 1608
595 2856
318 1674
2937 870
414 2237
2694 1277
1404 2055
1910 1555
1697 314
225 2314
489 971
516 24
1659 2320
1315 504
2641 2054
749 2070
218 224
2951 2175
712 2767
1173 1881
874 2812
1949 2165
2149 2555
365 2881
2953 2902
845 1553
2214 1199
115 820
1743 574
1119 2815
1740 1184
2963 2287
695 1688
1718 2897
1859 2565
2343 1345
414 1884
2942 2773
1115 983
257 2226
2851 736
2666 1012
213 209
2129 914
702 1612
841 608
1287 1276
2067 2579
2668 1958
2736 2267
1871 2607
1523 1652
1381 2956
860 749
1203 2459
1570 69
2391 2761
2871 2546
1353 648
2419 2531
2784 14
688 841
358 2826
753 2182
2965 2521
126 2512
2703 1874
837 2260
1030 1532
2881 712
250 2879
1478 2428
2142 1256
2444 2163
1438 1846
2917 1830
2087 1551
2499 431
1606 1842
1948 2406
1189 555
1787 160
2330 2020
122 2145
1684 2619
2861 207
1352 1309
1975 2417
542 34
2769 1909
329 1685
2800 1423
334 1615
946 1460
2098 918
2316 743
536 1340
155 585
2501 2373
2532 1331
2445 2310
1717 58
1684 2831
1159 1308
1413 559
180 1211
2848 2957
2718 1290
1624 1
2035 2635
69 1132
809 2424
2279 1758
2055 1800
206 2790
2838 2284
1010 2512
580 835
2873 1126
1473 886
194 2859
1753 615
2303 2780
590 1123
2765 2270
687 742
2089 2621
804 379
2854 1481
561 648
2510 8
1705 493
443 2255
2784 1889
2049 1527
1255 53
79 784
100 2873
1988 1292
2917 2263
2699 2404
2294 1855
1679 1958
1521 1965
1409 24
2259 462
910 1041
849 1580
207 663
2807 1740
2086 2337
277 909
646 1389
709 2496
595 569
277 1963
1845 80
2023 809
1278 999
2200 2696
257 2866
143 516
1419 2890
1337 1183
1380 127
2515 2338
1602 2267
2149 1612
2629 1424
91 871
27 2227
2916 2651
2115 427
746 2104
2562 1350
2354 1320
556 878
1196 192
915 1622
856 175
1618 1311
1082 249
292 629
1301 2236
696 2410
393 173
1507 1200
1625 1437
2890 13
1564 64
390 2865
280 2530
2584 457
2315 2239
2572 1398
129 1570
234 2017
41 970
5 609
2395 235
2785 2698
2051 2711
2395 1825
2993 2975
2443 2981
622 1884
1160 2782
2402 854
516 491
1063 1699
196 1694
2653 694
420 2902
2540 1001
1289 2095
1711 530
1964 2616
2566 1886
1198 1112
2514 975
223 2113
578 1656
602 1216
597 72
2806 2679
1502 260
1738 2339
2087 1308
2910 1475
11 9
2054 799
2852 2353
2160 2211
1484 1310
1145 12
2954 180
1637 2253
1886 1444
1894 1027
1815 1785
465 1793
350 1790
1321 1073
1043 267
1121 639
786 404
1596 1949
638 2010
1322 736
4 2498
967 645
2556 2584
1998 600
732 220
766 2453
766 308
798 2761
1281 1264
1319 923
1290 1603
660 2381
2682 1280
1409 1918
1439 1283
2399 2910
497 1647
629 1555
640 364
276 1480
1246 1549
2661 1361
2918 2175
549 1603
444 2688
1739 1543
1964 2093
2657 1221
2959 665
1941 1682
718 2512
2685 2117
1400 468
794 1761
2622 2536
1067 1542
2642 469
2900 538
566 1084
967 2083
1056 2616
1628 1765
2636 1523
439 1842
2649 787
2302 1536
422 1338
10 302
1895 2107
2823 1000
375 2027
42 722
1594 2648
1111 606
2038 2379
814 897
1340 899
2492 979
2945 2448
2049 1109
968 509
2581 717
2157 232
661 368
2560 1716
2985 570
2004 2889
241 1352
2160 159
197 2421
1984 1037
421 2849
3 2452
633 1534
1807 942
2758 1597
2052 2984
1778 1164
1716 1338
2410 1268
1186 2047
701 1030
8 855
785 765
941 1078
389 2496
2164 1085
2883 2933
1122 1710
928 2479
503 63
1996 2147
1150 1948
104 2584
1687 1768
165 1081
2486 2250
2189 1805
2611 1350
1097 792
2096 1883
1650 929
390 2415
1652 2131
2359 2851
1298 745
1666 628
1261 1596
2151 2984
519 288
1014 2372
294 495
2684 938
14 458
337 1849
1719 2279
546 982
1154 1218
313 979
1308 1454
1236 2711
534 1146
1477 2616
2988 1692
2636 828
2909 1292
2175 2339
841 764
541 1935
861 386
1084 2222
979 833
1687 1435
1951 1047
1340 1414
2833 2486
2269 453
2158 541
2705 2413
506 267
2011 1187
2410 2405
2721 513
2504 2287
39 964
2249 2189
2171 1208
490 10
1898 1535
367 1884
944 1289
1957 2393
515 2613
2571 2181
873 1121
504 1303
588 2518
2500 533
1683 2083
1526 2063
1069 2401
549 60
1112 314
1910 2118
757 1541
2653 1267
2650 174
2700 2539
932 832
2780 2544
2119 1439
2726 301
2844 2389
699 314
1768 1781
1264 2382
2920 1552
1158 274
1470 564
2949 626
1708 1668
532 1056
1349 1938
2456 2930
2617 2702
98 1116
2172 2944
611 2340
1085 605
646 679
1970 898
2992 2639
1210 1658
2264 458
1656 1555
1691 2466
1584 1850
63 2282
992 1860
1436 2108
607 459
2532 2645
1410 1039
1229 1510
1494 115
2042 187
378 2594
1062 1876
1309 2405
645 1659
1994 2448
774 1588
2582 2527
744 1978
1794 2945
1125 2564
1577 210
1282 1625
1485 730
2608 1539
672 1621
2512 483
2981 1943
565 1553
129 1090
1965 2442
2186 445
767 1546
490 1733
2200 146
1055 209
2983 87
23 538
2621 2994
1839 1803
1624 1844
1837 2202
814 2083
2446 1762
