9868 4311
6664 6067
3044 1604
822 7420
4772 3266
2189 9803
9154 7455
2653 3183
8262 1259
3283 2922
3058 3383
6037 4014
84 6063
6865 4998
6559 6840
5346 2079
7261 9246
6895 335
8186 7622
327 7735
6162 7919
8068 5988
4653 8482
9543 1386
9099 4014
8074 6949
8476 9772
7022 6237
8592 5916
3575 2329
167 6927
7709 249
8548 1579
996 8349
714 1636
9170 2616
8055 9474
3372 4460
3173 6366
4166 6262
129 9820
1965 5516
8524 7898
1672 2316
4652 6158
6845 7043
7256 5782
1668 5500
4499 9108
1812 6942
7850 3809
5417 7532
7266 8738
3376 8460
5002 613
7945 4686
2003 5976
8051 9235
9454 266
2484 2247
9037 6142
1267 4124
6947 5523
8408 2607
689 5470
3284 133
3507 4967
316 4940
7810 1672
6853 7278
8069 632
1836 9666
2085 4054
3953 137
7459 1426
8405 6508
2260 3310
4161 2746
5852 8714
5152 6731
8592 9266
7910 4764
7025 4254
6297 5050
8912 9295
681 7194
8224 398
8531 9596
4499 7552
7 3135
8956 5998
144 1936
7299 5839
1587 4652
2958 7767
189 1252
3588 6451
4744 3143
5697 7952
2637 4357
9615 1603
1472 6384
4576 8067
615 9461
2325 7674
1116 5991
1159 3668
5438 1535
573 7841
9873 9216
882 943
3263 7785
8406 3099
6154 8562
9926 6052
5872 5995
5755 8749
4 9423
5405 3481
8276 4170
5718 1537
7184 1792
4812 4921
2640 1892
3433 3947
201 6204
262 3813
1358 229
2035 1041
6046 6624
411 1305
1090 4556
2755 4534
9480 2428
9233 9480
8454 8162
2187 3701
3704 5275
5062 215
7453 6115
4495 7796
844 8849
8330 123
653 7211
7711 4931
3203 9033
8801 4770
537 2417
2130 2882
497 1437
9160 102
9430 8386
3542 9439
5087 7220
3673 9153
755 8024
2702 9622
8856 3946
944 2560
2101 1472
9394 9557
9110 1362
6001 6710
4930 6448
8452 9804
5877 6788
5593 8175
6000 5943
5731 6854
4700 3102
982 2500
5066 6608
2162 2219
8547 6704
8553 9153
1676 5803
3468 7745
1832 2959
2694 342
7965 3978
3285 4426
835 3651
9019 4248
6563 5653
4318 7737
8729 2918
5746 7483
7289 4735
8600 1688
6492 2225
3528 143
2349 9293
1204 7214
3673 224
9879 7825
2862 8455
9471 8083
3165 2543
5179 2709
2440 1568
8045 9893
3032 6047
2523 2325
8 4453
6215 5496
3319 422
1959 159
3692 3611
4278 3438
5438 1299
2062 4543
1037 5308
6441 764
764 7671
74 9736
138 5957
3912 9017
274 7492
2468 7537
9897 3874
6331 185
5209 618
9263 8450
3375 4215
9451 4495
6181 7054
5180 5117
6320 8334
3411 2593
8426 7785
8610 3029
220 5436
7927 6506
7612 9909
7733 4437
8188 250
6403 4540
5466 9527
2057 8493
6231 364
8817 4114
6089 6739
7375 5418
7242 9880
1954 2153
4892 9298
2004 4938
3547 370
5844 1940
8729 5393
4238 8265
6142 3611
3465 8665
8980 3231
7075 6965
1232 8646
2618 2282
4168 89
4405 807
2212 2920
1563 570
2 6664
8321 3380
9068 8775
3226 7416
6837 4225
4717 7133
8584 9374
837 3890
6344 9239
2462 3120
8335 6933
6344 6107
343 906
437 8336
5582 6408
6668 6596
3349 7423
9841 4270
6347 8181
7402 4159
96 7321
3755 6997
8498 6330
7453 6481
6433 5776
7540 4362
1652 1542
9122 1911
622 1497
3182 8045
8809 7485
1818 8492
2406 5415
2541 844
5928 7759
6612 8616
2096 8690
8399 3427
7643 963
770 9593
7818 8923
1769 6102
4390 2873
2597 6880
6401 8683
9983 5154
2431 9686
2884 5622
3480 6734
8364 2575
1288 6593
1578 5629
268 9196
1922 2520
4394 4517
8615 3606
6482 5335
6208 4462
7200 7697
8781 7207
6850 1038
5414 4562
2810 7822
3357 8869
720 3397
6842 8369
6210 7093
1957 4833
1328 3620
8957 4629
7169 3581
9774 8654
9775 6323
9538 1409
1110 6050
427 3980
3177 9616
3285 2960
6634 4515
6690 5335
7842 3964
4392 4053
6993 2093
1829 6710
7689 6047
7647 765
8670 7021
99 8672
8640 227
2408 4175
9696 8014
6123 1743
8653 9025
2429 8453
1472 4417
3952 8850
8061 1169
8204 4604
8834 7687
8626 5529
4065 990
1677 1786
8891 5452
9036 9140
229 3978
1317 1465
3598 9585
4345 1137
1232 1573
7481 5353
3224 2285
1218 9960
3529 7417
1675 9297
8674 752
8484 6916
4202 3133
8569 4389
8583 4595
3819 3634
1791 8910
4837 4301
594 3370
906 584
5538 7550
8532 7264
4937 8499
8039 1783
6850 985
5861 8884
5707 4430
9385 2598
8126 3563
6170 5651
6707 3854
6785 2591
2629 9188
1438 9676
3274 732
8281 7487
212 5607
9640 347
9901 5274
8458 5362
7263 284
4968 7197
9766 2726
3190 9006
1127 8186
521 1056
5135 1858
2504 222
4536 3751
5889 8063
4636 7232
7500 1327
4047 3381
7809 9996
2956 5982
8993 878
8286 4488
5377 6796
7113 2897
7608 3658
2723 7507
2138 4681
41 6085
1863 1465
4058 8828
792 3609
8943 5743
3953 3736
8980 9606
3859 3086
693 8982
9039 7133
9378 2562
6130 9041
6283 4572
569 4584
1603 7590
3069 6407
6933 9885
776 4468
7698 8481
2344 9393
1846 618
6238 9217
3215 3370
2114 7008
4167 5030
4961 415
4786 3399
6507 8762
4497 652
2022 3578
5657 7693
987 161
5678 224
4448 6545
5271 1027
6474 1962
612 3179
7684 9555
3220 1700
6297 2901
6349 4649
2580 9922
9168 9128
6692 6162
2955 7857
6927 799
1261 7925
2684 8951
4582 8747
6203 8091
7330 5098
7196 7685
6910 1250
7019 5641
3774 3823
865 679
8419 9463
5756 6507
6522 8049
2049 7433
1707 8074
8513 2117
7104 7698
3851 3600
6338 7445
1828 6075
6928 6526
2450 9387
2835 5774
49 7015
5687 8711
7143 9435
3581 4820
5930 603
5818 4931
1500 8246
6269 5907
5405 8079
9854 8709
9472 5839
8275 1640
8138 4854
2052 8212
5905 6339
2829 297
530 1118
63 4510
3927 6792
2078 3352
3018 4127
2222 8142
4066 8154
3298 4159
5884 3811
5010 3133
999 1083
7050 1851
8006 2667
8995 672
1505 8547
6880 8199
1506 4575
6543 848
7091 6954
6782 1287
1418 4931
3940 9256
6491 97
1500 8770
1506 3786
6035 9596
7563 6025
9452 1202
749 2845
4047 8278
6721 6886
9049 6378
9457 8596
4010 8417
2419 4877
3992 3413
5734 1141
7357 6899
9060 1422
836 5482
9879 3741
6862 2530
3347 7868
2611 8385
250 6465
2656 7704
3066 9230
1618 6973
3281 2227
178 8834
3240 2518
8167 5555
5021 9860
4950 354
991 2998
1907 3348
2572 7332
8446 7064
2824 4303
9053 1326
450 3430
6565 9709
4312 1620
8964 5912
3519 8816
6011 6034
5624 203
9585 152
5730 5829
6181 9071
8672 3872
919 3755
809 996
4252 5031
4974 7554
2152 2844
6555 1921
810 7068
6752 3254
6151 6227
1300 8308
5865 5687
6256 3959
4541 8072
522 6326
6685 3115
7125 2070
1922 4766
2765 8248
1958 7034
4774 3910
326 559
4343 7289
2951 2033
6902 1693
2284 8957
230 2547
7479 4952
8719 6954
3146 7961
9611 8267
2348 670
1563 8342
6987 5479
716 1381
2529 9849
4842 6625
6370 122
1276 1820
7962 1017
6520 7023
2773 3893
2072 8170
268 3982
3599 2410
4900 4982
6602 3419
8539 6315
9285 3179
7831 2692
2791 1079
4614 3040
257 5893
6246 8449
1663 6820
749 7170
4789 8860
1580 5017
37 1010
6126 580
8294 5655
9402 1802
342 834
3830 2698
2268 2230
6560 4912
2555 6644
4941 9438
1552 4106
1304 4002
877 1244
3315 1090
9665 896
3817 8762
9267 338
5095 3362
7429 58
6645 6689
949 767
753 9238
3869 4800
2210 2262
716 6790
2716 2869
4100 1102
7582 7468
8926 9294
5495 4990
1707 5772
5831 1922
8063 5133
3142 8723
4286 5388
3720 9856
3942 2752
8249 9520
9891 8074
1753 2813
2991 5726
2537 4265
498 2538
4970 6113
6344 5600
8395 1589
8599 2341
1164 2144
2482 1097
9047 7124
6176 1991
2257 583
6846 9722
2654 2323
7334 2086
6966 434
7950 4949
4381 7840
8732 366
6714 1262
8700 8070
9441 890
3869 35
6715 7609
4047 1394
5395 9584
3980 2862
9840 7105
7055 88
6237 9552
8856 6097
1905 7802
3368 6512
5468 7958
3644 7770
9302 3170
7677 9463
3868 9899
7106 6907
4518 1568
6147 694
9355 6698
5455 8747
5376 4264
5071 8984
3012 8834
1310 6130
509 7056
4700 3859
6613 2192
8819 5918
2670 7568
7564 1302
1050 4077
6622 9179
5426 6533
3807 9662
156 7705
9057 164
3870 3852
2621 8699
1486 6049
497 3939
5095 5348
8473 631
3367 2617
1615 3250
8807 8122
9309 8075
6401 4428
9736 2170
4893 4130
8437 3717
7953 9601
1839 5676
2219 3224
3789 9737
324 4353
6174 6966
3124 8348
1831 678
9534 7627
4330 2632
5066 3104
5378 4550
7375 7022
1436 4616
7143 4822
8679 8371
5420 293
9815 3342
2337 684
4416 2168
8541 2151
8888 7946
757 2082
3966 8645
6149 1856
5391 1193
8359 9992
8692 7799
2656 7862
4896 3860
2970 8665
1689 6605
3080 9295
5342 7976
2695 6480
7108 9043
8253 3879
838 739
8230 5685
2885 4045
1784 7702
3765 5836
8199 6271
592 570
6575 8665
7192 5980
301 4695
