2187
1000000000 0
999999999 0
1000000000 1
999999997 0
999999996 0
999999997 1
1000000000 3
999999999 3
1000000000 4
999999991 0
999999990 0
999999991 1
999999988 0
999999987 0
999999988 1
999999991 3
999999990 3
999999991 4
1000000000 9
999999999 9
1000000000 10
999999997 9
999999996 9
999999997 10
1000000000 12
999999999 12
1000000000 13
999999973 0
999999972 0
999999973 1
999999970 0
999999969 0
999999970 1
999999973 3
999999972 3
999999973 4
999999964 0
999999963 0
999999964 1
999999961 0
999999960 0
999999961 1
999999964 3
999999963 3
999999964 4
999999973 9
999999972 9
999999973 10
999999970 9
999999969 9
999999970 10
999999973 12
999999972 12
999999973 13
1000000000 27
999999999 27
1000000000 28
999999997 27
999999996 27
999999997 28
1000000000 30
999999999 30
1000000000 31
999999991 27
999999990 27
999999991 28
999999988 27
999999987 27
999999988 28
999999991 30
999999990 30
999999991 31
1000000000 36
999999999 36
1000000000 37
999999997 36
999999996 36
999999997 37
1000000000 39
999999999 39
1000000000 40
999999919 0
999999918 0
999999919 1
999999916 0
999999915 0
999999916 1
999999919 3
999999918 3
999999919 4
999999910 0
999999909 0
999999910 1
999999907 0
999999906 0
999999907 1
999999910 3
999999909 3
999999910 4
999999919 9
999999918 9
999999919 10
999999916 9
999999915 9
999999916 10
999999919 12
999999918 12
999999919 13
999999892 0
999999891 0
999999892 1
999999889 0
999999888 0
999999889 1
999999892 3
999999891 3
999999892 4
999999883 0
999999882 0
999999883 1
999999880 0
999999879 0
999999880 1
999999883 3
999999882 3
999999883 4
999999892 9
999999891 9
999999892 10
999999889 9
999999888 9
999999889 10
999999892 12
999999891 12
999999892 13
999999919 27
999999918 27
999999919 28
999999916 27
999999915 27
999999916 28
999999919 30
999999918 30
999999919 31
999999910 27
999999909 27
999999910 28
999999907 27
999999906 27
999999907 28
999999910 30
999999909 30
999999910 31
999999919 36
999999918 36
999999919 37
999999916 36
999999915 36
999999916 37
999999919 39
999999918 39
999999919 40
1000000000 81
999999999 81
1000000000 82
999999997 81
999999996 81
999999997 82
1000000000 84
999999999 84
1000000000 85
999999991 81
999999990 81
999999991 82
999999988 81
999999987 81
999999988 82
999999991 84
999999990 84
999999991 85
1000000000 90
999999999 90
1000000000 91
999999997 90
999999996 90
999999997 91
1000000000 93
999999999 93
1000000000 94
999999973 81
999999972 81
999999973 82
999999970 81
999999969 81
999999970 82
999999973 84
999999972 84
999999973 85
999999964 81
999999963 81
999999964 82
999999961 81
999999960 81
999999961 82
999999964 84
999999963 84
999999964 85
999999973 90
999999972 90
999999973 91
999999970 90
999999969 90
999999970 91
999999973 93
999999972 93
999999973 94
1000000000 108
999999999 108
1000000000 109
999999997 108
999999996 108
999999997 109
1000000000 111
999999999 111
1000000000 112
999999991 108
999999990 108
999999991 109
999999988 108
999999987 108
999999988 109
999999991 111
999999990 111
999999991 112
1000000000 117
999999999 117
1000000000 118
999999997 117
999999996 117
999999997 118
1000000000 120
999999999 120
1000000000 121
999999757 0
999999756 0
999999757 1
999999754 0
999999753 0
999999754 1
999999757 3
999999756 3
999999757 4
999999748 0
999999747 0
999999748 1
999999745 0
999999744 0
999999745 1
999999748 3
999999747 3
999999748 4
999999757 9
999999756 9
999999757 10
999999754 9
999999753 9
999999754 10
999999757 12
999999756 12
999999757 13
999999730 0
999999729 0
999999730 1
999999727 0
999999726 0
999999727 1
999999730 3
999999729 3
999999730 4
999999721 0
999999720 0
999999721 1
999999718 0
999999717 0
999999718 1
999999721 3
999999720 3
999999721 4
999999730 9
999999729 9
999999730 10
999999727 9
999999726 9
999999727 10
999999730 12
999999729 12
999999730 13
999999757 27
999999756 27
999999757 28
999999754 27
999999753 27
999999754 28
999999757 30
999999756 30
999999757 31
999999748 27
999999747 27
999999748 28
999999745 27
999999744 27
999999745 28
999999748 30
999999747 30
999999748 31
999999757 36
999999756 36
999999757 37
999999754 36
999999753 36
999999754 37
999999757 39
999999756 39
999999757 40
999999676 0
999999675 0
999999676 1
999999673 0
999999672 0
999999673 1
999999676 3
999999675 3
999999676 4
999999667 0
999999666 0
999999667 1
999999664 0
999999663 0
999999664 1
999999667 3
999999666 3
999999667 4
999999676 9
999999675 9
999999676 10
999999673 9
999999672 9
999999673 10
999999676 12
999999675 12
999999676 13
999999649 0
999999648 0
999999649 1
999999646 0
999999645 0
999999646 1
999999649 3
999999648 3
999999649 4
999999640 0
999999639 0
999999640 1
999999637 0
999999636 0
999999637 1
999999640 3
999999639 3
999999640 4
999999649 9
999999648 9
999999649 10
999999646 9
999999645 9
999999646 10
999999649 12
999999648 12
999999649 13
999999676 27
999999675 27
999999676 28
999999673 27
999999672 27
999999673 28
999999676 30
999999675 30
999999676 31
999999667 27
999999666 27
999999667 28
999999664 27
999999663 27
999999664 28
999999667 30
999999666 30
999999667 31
999999676 36
999999675 36
999999676 37
999999673 36
999999672 36
999999673 37
999999676 39
999999675 39
999999676 40
999999757 81
999999756 81
999999757 82
999999754 81
999999753 81
999999754 82
999999757 84
999999756 84
999999757 85
999999748 81
999999747 81
999999748 82
999999745 81
999999744 81
999999745 82
999999748 84
999999747 84
999999748 85
999999757 90
999999756 90
999999757 91
999999754 90
999999753 90
999999754 91
999999757 93
999999756 93
999999757 94
999999730 81
999999729 81
999999730 82
999999727 81
999999726 81
999999727 82
999999730 84
999999729 84
999999730 85
999999721 81
999999720 81
999999721 82
999999718 81
999999717 81
999999718 82
999999721 84
999999720 84
999999721 85
999999730 90
999999729 90
999999730 91
999999727 90
999999726 90
999999727 91
999999730 93
999999729 93
999999730 94
999999757 108
999999756 108
999999757 109
999999754 108
999999753 108
999999754 109
999999757 111
999999756 111
999999757 112
999999748 108
999999747 108
999999748 109
999999745 108
999999744 108
999999745 109
999999748 111
999999747 111
999999748 112
999999757 117
999999756 117
999999757 118
999999754 117
999999753 117
999999754 118
999999757 120
999999756 120
999999757 121
1000000000 243
999999999 243
1000000000 244
999999997 243
999999996 243
999999997 244
1000000000 246
999999999 246
1000000000 247
999999991 243
999999990 243
999999991 244
999999988 243
999999987 243
999999988 244
999999991 246
999999990 246
999999991 247
1000000000 252
999999999 252
1000000000 253
999999997 252
999999996 252
999999997 253
1000000000 255
999999999 255
1000000000 256
999999973 243
999999972 243
999999973 244
999999970 243
999999969 243
999999970 244
999999973 246
999999972 246
999999973 247
999999964 243
999999963 243
999999964 244
999999961 243
999999960 243
999999961 244
999999964 246
999999963 246
999999964 247
999999973 252
999999972 252
999999973 253
999999970 252
999999969 252
999999970 253
999999973 255
999999972 255
999999973 256
1000000000 270
999999999 270
1000000000 271
999999997 270
999999996 270
999999997 271
1000000000 273
999999999 273
1000000000 274
999999991 270
999999990 270
999999991 271
999999988 270
999999987 270
999999988 271
999999991 273
999999990 273
999999991 274
1000000000 279
999999999 279
1000000000 280
999999997 279
999999996 279
999999997 280
1000000000 282
999999999 282
1000000000 283
999999919 243
999999918 243
999999919 244
999999916 243
999999915 243
999999916 244
999999919 246
999999918 246
999999919 247
999999910 243
999999909 243
999999910 244
999999907 243
999999906 243
999999907 244
999999910 246
999999909 246
999999910 247
999999919 252
999999918 252
999999919 253
999999916 252
999999915 252
999999916 253
999999919 255
999999918 255
999999919 256
999999892 243
999999891 243
999999892 244
999999889 243
999999888 243
999999889 244
999999892 246
999999891 246
999999892 247
999999883 243
999999882 243
999999883 244
999999880 243
999999879 243
999999880 244
999999883 246
999999882 246
999999883 247
999999892 252
999999891 252
999999892 253
999999889 252
999999888 252
999999889 253
999999892 255
999999891 255
999999892 256
999999919 270
999999918 270
999999919 271
999999916 270
999999915 270
999999916 271
999999919 273
999999918 273
999999919 274
999999910 270
999999909 270
999999910 271
999999907 270
999999906 270
999999907 271
999999910 273
999999909 273
999999910 274
999999919 279
999999918 279
999999919 280
999999916 279
999999915 279
999999916 280
999999919 282
999999918 282
999999919 283
1000000000 324
999999999 324
1000000000 325
999999997 324
999999996 324
999999997 325
1000000000 327
999999999 327
1000000000 328
999999991 324
999999990 324
999999991 325
999999988 324
999999987 324
999999988 325
999999991 327
999999990 327
999999991 328
1000000000 333
999999999 333
1000000000 334
999999997 333
999999996 333
999999997 334
1000000000 336
999999999 336
1000000000 337
999999973 324
999999972 324
999999973 325
999999970 324
999999969 324
999999970 325
999999973 327
999999972 327
999999973 328
999999964 324
999999963 324
999999964 325
999999961 324
999999960 324
999999961 325
999999964 327
999999963 327
999999964 328
999999973 333
999999972 333
999999973 334
999999970 333
999999969 333
999999970 334
999999973 336
999999972 336
999999973 337
1000000000 351
999999999 351
1000000000 352
999999997 351
999999996 351
999999997 352
1000000000 354
999999999 354
1000000000 355
999999991 351
999999990 351
999999991 352
999999988 351
999999987 351
999999988 352
999999991 354
999999990 354
999999991 355
1000000000 360
999999999 360
1000000000 361
999999997 360
999999996 360
999999997 361
1000000000 363
999999999 363
1000000000 364
999999271 0
999999270 0
999999271 1
999999268 0
999999267 0
999999268 1
999999271 3
999999270 3
999999271 4
999999262 0
999999261 0
999999262 1
999999259 0
999999258 0
999999259 1
999999262 3
999999261 3
999999262 4
999999271 9
999999270 9
999999271 10
999999268 9
999999267 9
999999268 10
999999271 12
999999270 12
999999271 13
999999244 0
999999243 0
999999244 1
999999241 0
999999240 0
999999241 1
999999244 3
999999243 3
999999244 4
999999235 0
999999234 0
999999235 1
999999232 0
999999231 0
999999232 1
999999235 3
999999234 3
999999235 4
999999244 9
999999243 9
999999244 10
999999241 9
999999240 9
999999241 10
999999244 12
999999243 12
999999244 13
999999271 27
999999270 27
999999271 28
999999268 27
999999267 27
999999268 28
999999271 30
999999270 30
999999271 31
999999262 27
999999261 27
999999262 28
999999259 27
999999258 27
999999259 28
999999262 30
999999261 30
999999262 31
999999271 36
999999270 36
999999271 37
999999268 36
999999267 36
999999268 37
999999271 39
999999270 39
999999271 40
999999190 0
999999189 0
999999190 1
999999187 0
999999186 0
999999187 1
999999190 3
999999189 3
999999190 4
999999181 0
999999180 0
999999181 1
999999178 0
999999177 0
999999178 1
999999181 3
999999180 3
999999181 4
999999190 9
999999189 9
999999190 10
999999187 9
999999186 9
999999187 10
999999190 12
999999189 12
999999190 13
999999163 0
999999162 0
999999163 1
999999160 0
999999159 0
999999160 1
999999163 3
999999162 3
999999163 4
999999154 0
999999153 0
999999154 1
999999151 0
999999150 0
999999151 1
999999154 3
999999153 3
999999154 4
999999163 9
999999162 9
999999163 10
999999160 9
999999159 9
999999160 10
999999163 12
999999162 12
999999163 13
999999190 27
999999189 27
999999190 28
999999187 27
999999186 27
999999187 28
999999190 30
999999189 30
999999190 31
999999181 27
999999180 27
999999181 28
999999178 27
999999177 27
999999178 28
999999181 30
999999180 30
999999181 31
999999190 36
999999189 36
999999190 37
999999187 36
999999186 36
999999187 37
999999190 39
999999189 39
999999190 40
999999271 81
999999270 81
999999271 82
999999268 81
999999267 81
999999268 82
999999271 84
999999270 84
999999271 85
999999262 81
999999261 81
999999262 82
999999259 81
999999258 81
999999259 82
999999262 84
999999261 84
999999262 85
999999271 90
999999270 90
999999271 91
999999268 90
999999267 90
999999268 91
999999271 93
999999270 93
999999271 94
999999244 81
999999243 81
999999244 82
999999241 81
999999240 81
999999241 82
999999244 84
999999243 84
999999244 85
999999235 81
999999234 81
999999235 82
999999232 81
999999231 81
999999232 82
999999235 84
999999234 84
999999235 85
999999244 90
999999243 90
999999244 91
999999241 90
999999240 90
999999241 91
999999244 93
999999243 93
999999244 94
999999271 108
999999270 108
999999271 109
999999268 108
999999267 108
999999268 109
999999271 111
999999270 111
999999271 112
999999262 108
999999261 108
999999262 109
999999259 108
999999258 108
999999259 109
999999262 111
999999261 111
999999262 112
999999271 117
999999270 117
999999271 118
999999268 117
999999267 117
999999268 118
999999271 120
999999270 120
999999271 121
999999028 0
999999027 0
999999028 1
999999025 0
999999024 0
999999025 1
999999028 3
999999027 3
999999028 4
999999019 0
999999018 0
999999019 1
999999016 0
999999015 0
999999016 1
999999019 3
999999018 3
999999019 4
999999028 9
999999027 9
999999028 10
999999025 9
999999024 9
999999025 10
999999028 12
999999027 12
999999028 13
999999001 0
999999000 0
999999001 1
999998998 0
999998997 0
999998998 1
999999001 3
999999000 3
999999001 4
999998992 0
999998991 0
999998992 1
999998989 0
999998988 0
999998989 1
999998992 3
999998991 3
999998992 4
999999001 9
999999000 9
999999001 10
999998998 9
999998997 9
999998998 10
999999001 12
999999000 12
999999001 13
999999028 27
999999027 27
999999028 28
999999025 27
999999024 27
999999025 28
999999028 30
999999027 30
999999028 31
999999019 27
999999018 27
999999019 28
999999016 27
999999015 27
999999016 28
999999019 30
999999018 30
999999019 31
999999028 36
999999027 36
999999028 37
999999025 36
999999024 36
999999025 37
999999028 39
999999027 39
999999028 40
999998947 0
999998946 0
999998947 1
999998944 0
999998943 0
999998944 1
999998947 3
999998946 3
999998947 4
999998938 0
999998937 0
999998938 1
999998935 0
999998934 0
999998935 1
999998938 3
999998937 3
999998938 4
999998947 9
999998946 9
999998947 10
999998944 9
999998943 9
999998944 10
999998947 12
999998946 12
999998947 13
999998920 0
999998919 0
999998920 1
999998917 0
999998916 0
999998917 1
999998920 3
999998919 3
999998920 4
999998911 0
999998910 0
999998911 1
999998908 0
999998907 0
999998908 1
999998911 3
999998910 3
999998911 4
999998920 9
999998919 9
999998920 10
999998917 9
999998916 9
999998917 10
999998920 12
999998919 12
999998920 13
999998947 27
999998946 27
999998947 28
999998944 27
999998943 27
999998944 28
999998947 30
999998946 30
999998947 31
999998938 27
999998937 27
999998938 28
999998935 27
999998934 27
999998935 28
999998938 30
999998937 30
999998938 31
999998947 36
999998946 36
999998947 37
999998944 36
999998943 36
999998944 37
999998947 39
999998946 39
999998947 40
999999028 81
999999027 81
999999028 82
999999025 81
999999024 81
999999025 82
999999028 84
999999027 84
999999028 85
999999019 81
999999018 81
999999019 82
999999016 81
999999015 81
999999016 82
999999019 84
999999018 84
999999019 85
999999028 90
999999027 90
999999028 91
999999025 90
999999024 90
999999025 91
999999028 93
999999027 93
999999028 94
999999001 81
999999000 81
999999001 82
999998998 81
999998997 81
999998998 82
999999001 84
999999000 84
999999001 85
999998992 81
999998991 81
999998992 82
999998989 81
999998988 81
999998989 82
999998992 84
999998991 84
999998992 85
999999001 90
999999000 90
999999001 91
999998998 90
999998997 90
999998998 91
999999001 93
999999000 93
999999001 94
999999028 108
999999027 108
999999028 109
999999025 108
999999024 108
999999025 109
999999028 111
999999027 111
999999028 112
999999019 108
999999018 108
999999019 109
999999016 108
999999015 108
999999016 109
999999019 111
999999018 111
999999019 112
999999028 117
999999027 117
999999028 118
999999025 117
999999024 117
999999025 118
999999028 120
999999027 120
999999028 121
999999271 243
999999270 243
999999271 244
999999268 243
999999267 243
999999268 244
999999271 246
999999270 246
999999271 247
999999262 243
999999261 243
999999262 244
999999259 243
999999258 243
999999259 244
999999262 246
999999261 246
999999262 247
999999271 252
999999270 252
999999271 253
999999268 252
999999267 252
999999268 253
999999271 255
999999270 255
999999271 256
999999244 243
999999243 243
999999244 244
999999241 243
999999240 243
999999241 244
999999244 246
999999243 246
999999244 247
999999235 243
999999234 243
999999235 244
999999232 243
999999231 243
999999232 244
999999235 246
999999234 246
999999235 247
999999244 252
999999243 252
999999244 253
999999241 252
999999240 252
999999241 253
999999244 255
999999243 255
999999244 256
999999271 270
999999270 270
999999271 271
999999268 270
999999267 270
999999268 271
999999271 273
999999270 273
999999271 274
999999262 270
999999261 270
999999262 271
999999259 270
999999258 270
999999259 271
999999262 273
999999261 273
999999262 274
999999271 279
999999270 279
999999271 280
999999268 279
999999267 279
999999268 280
999999271 282
999999270 282
999999271 283
999999190 243
999999189 243
999999190 244
999999187 243
999999186 243
999999187 244
999999190 246
999999189 246
999999190 247
999999181 243
999999180 243
999999181 244
999999178 243
999999177 243
999999178 244
999999181 246
999999180 246
999999181 247
999999190 252
999999189 252
999999190 253
999999187 252
999999186 252
999999187 253
999999190 255
999999189 255
999999190 256
999999163 243
999999162 243
999999163 244
999999160 243
999999159 243
999999160 244
999999163 246
999999162 246
999999163 247
999999154 243
999999153 243
999999154 244
999999151 243
999999150 243
999999151 244
999999154 246
999999153 246
999999154 247
999999163 252
999999162 252
999999163 253
999999160 252
999999159 252
999999160 253
999999163 255
999999162 255
999999163 256
999999190 270
999999189 270
999999190 271
999999187 270
999999186 270
999999187 271
999999190 273
999999189 273
999999190 274
999999181 270
999999180 270
999999181 271
999999178 270
999999177 270
999999178 271
999999181 273
999999180 273
999999181 274
999999190 279
999999189 279
999999190 280
999999187 279
999999186 279
999999187 280
999999190 282
999999189 282
999999190 283
999999271 324
999999270 324
999999271 325
999999268 324
999999267 324
999999268 325
999999271 327
999999270 327
999999271 328
999999262 324
999999261 324
999999262 325
999999259 324
999999258 324
999999259 325
999999262 327
999999261 327
999999262 328
999999271 333
999999270 333
999999271 334
999999268 333
999999267 333
999999268 334
999999271 336
999999270 336
999999271 337
999999244 324
999999243 324
999999244 325
999999241 324
999999240 324
999999241 325
999999244 327
999999243 327
999999244 328
999999235 324
999999234 324
999999235 325
999999232 324
999999231 324
999999232 325
999999235 327
999999234 327
999999235 328
999999244 333
999999243 333
999999244 334
999999241 333
999999240 333
999999241 334
999999244 336
999999243 336
999999244 337
999999271 351
999999270 351
999999271 352
999999268 351
999999267 351
999999268 352
999999271 354
999999270 354
999999271 355
999999262 351
999999261 351
999999262 352
999999259 351
999999258 351
999999259 352
999999262 354
999999261 354
999999262 355
999999271 360
999999270 360
999999271 361
999999268 360
999999267 360
999999268 361
999999271 363
999999270 363
999999271 364
1000000000 729
999999999 729
1000000000 730
999999997 729
999999996 729
999999997 730
1000000000 732
999999999 732
1000000000 733
999999991 729
999999990 729
999999991 730
999999988 729
999999987 729
999999988 730
999999991 732
999999990 732
999999991 733
1000000000 738
999999999 738
1000000000 739
999999997 738
999999996 738
999999997 739
1000000000 741
999999999 741
1000000000 742
999999973 729
999999972 729
999999973 730
999999970 729
999999969 729
999999970 730
999999973 732
999999972 732
999999973 733
999999964 729
999999963 729
999999964 730
999999961 729
999999960 729
999999961 730
999999964 732
999999963 732
999999964 733
999999973 738
999999972 738
999999973 739
999999970 738
999999969 738
999999970 739
999999973 741
999999972 741
999999973 742
1000000000 756
999999999 756
1000000000 757
999999997 756
999999996 756
999999997 757
1000000000 759
999999999 759
1000000000 760
999999991 756
999999990 756
999999991 757
999999988 756
999999987 756
999999988 757
999999991 759
999999990 759
999999991 760
1000000000 765
999999999 765
1000000000 766
999999997 765
999999996 765
999999997 766
1000000000 768
999999999 768
1000000000 769
999999919 729
999999918 729
999999919 730
999999916 729
999999915 729
999999916 730
999999919 732
999999918 732
999999919 733
999999910 729
999999909 729
999999910 730
999999907 729
999999906 729
999999907 730
999999910 732
999999909 732
999999910 733
999999919 738
999999918 738
999999919 739
999999916 738
999999915 738
999999916 739
999999919 741
999999918 741
999999919 742
999999892 729
999999891 729
999999892 730
999999889 729
999999888 729
999999889 730
999999892 732
999999891 732
999999892 733
999999883 729
999999882 729
999999883 730
999999880 729
999999879 729
999999880 730
999999883 732
999999882 732
999999883 733
999999892 738
999999891 738
999999892 739
999999889 738
999999888 738
999999889 739
999999892 741
999999891 741
999999892 742
999999919 756
999999918 756
999999919 757
999999916 756
999999915 756
999999916 757
999999919 759
999999918 759
999999919 760
999999910 756
999999909 756
999999910 757
999999907 756
999999906 756
999999907 757
999999910 759
999999909 759
999999910 760
999999919 765
999999918 765
999999919 766
999999916 765
999999915 765
999999916 766
999999919 768
999999918 768
999999919 769
1000000000 810
999999999 810
1000000000 811
999999997 810
999999996 810
999999997 811
1000000000 813
999999999 813
1000000000 814
999999991 810
999999990 810
999999991 811
999999988 810
999999987 810
999999988 811
999999991 813
999999990 813
999999991 814
1000000000 819
999999999 819
1000000000 820
999999997 819
999999996 819
999999997 820
1000000000 822
999999999 822
1000000000 823
999999973 810
999999972 810
999999973 811
999999970 810
999999969 810
999999970 811
999999973 813
999999972 813
999999973 814
999999964 810
999999963 810
999999964 811
999999961 810
999999960 810
999999961 811
999999964 813
999999963 813
999999964 814
999999973 819
999999972 819
999999973 820
999999970 819
999999969 819
999999970 820
999999973 822
999999972 822
999999973 823
1000000000 837
999999999 837
1000000000 838
999999997 837
999999996 837
999999997 838
1000000000 840
999999999 840
1000000000 841
999999991 837
999999990 837
999999991 838
999999988 837
999999987 837
999999988 838
999999991 840
999999990 840
999999991 841
1000000000 846
999999999 846
1000000000 847
999999997 846
999999996 846
999999997 847
1000000000 849
999999999 849
1000000000 850
999999757 729
999999756 729
999999757 730
999999754 729
999999753 729
999999754 730
999999757 732
999999756 732
999999757 733
999999748 729
999999747 729
999999748 730
999999745 729
999999744 729
999999745 730
999999748 732
999999747 732
999999748 733
999999757 738
999999756 738
999999757 739
999999754 738
999999753 738
999999754 739
999999757 741
999999756 741
999999757 742
999999730 729
999999729 729
999999730 730
999999727 729
999999726 729
999999727 730
999999730 732
999999729 732
999999730 733
999999721 729
999999720 729
999999721 730
999999718 729
999999717 729
999999718 730
999999721 732
999999720 732
999999721 733
999999730 738
999999729 738
999999730 739
999999727 738
999999726 738
999999727 739
999999730 741
999999729 741
999999730 742
999999757 756
999999756 756
999999757 757
999999754 756
999999753 756
999999754 757
999999757 759
999999756 759
999999757 760
999999748 756
999999747 756
999999748 757
999999745 756
999999744 756
999999745 757
999999748 759
999999747 759
999999748 760
999999757 765
999999756 765
999999757 766
999999754 765
999999753 765
999999754 766
999999757 768
999999756 768
999999757 769
999999676 729
999999675 729
999999676 730
999999673 729
999999672 729
999999673 730
999999676 732
999999675 732
999999676 733
999999667 729
999999666 729
999999667 730
999999664 729
999999663 729
999999664 730
999999667 732
999999666 732
999999667 733
999999676 738
999999675 738
999999676 739
999999673 738
999999672 738
999999673 739
999999676 741
999999675 741
999999676 742
999999649 729
999999648 729
999999649 730
999999646 729
999999645 729
999999646 730
999999649 732
999999648 732
999999649 733
999999640 729
999999639 729
999999640 730
999999637 729
999999636 729
999999637 730
999999640 732
999999639 732
999999640 733
999999649 738
999999648 738
999999649 739
999999646 738
999999645 738
999999646 739
999999649 741
999999648 741
999999649 742
999999676 756
999999675 756
999999676 757
999999673 756
999999672 756
999999673 757
999999676 759
999999675 759
999999676 760
999999667 756
999999666 756
999999667 757
999999664 756
999999663 756
999999664 757
999999667 759
999999666 759
999999667 760
999999676 765
999999675 765
999999676 766
999999673 765
999999672 765
999999673 766
999999676 768
999999675 768
999999676 769
999999757 810
999999756 810
999999757 811
999999754 810
999999753 810
999999754 811
999999757 813
999999756 813
999999757 814
999999748 810
999999747 810
999999748 811
999999745 810
999999744 810
999999745 811
999999748 813
999999747 813
999999748 814
999999757 819
999999756 819
999999757 820
999999754 819
999999753 819
999999754 820
999999757 822
999999756 822
999999757 823
999999730 810
999999729 810
999999730 811
999999727 810
999999726 810
999999727 811
999999730 813
999999729 813
999999730 814
999999721 810
999999720 810
999999721 811
999999718 810
999999717 810
999999718 811
999999721 813
999999720 813
999999721 814
999999730 819
999999729 819
999999730 820
999999727 819
999999726 819
999999727 820
999999730 822
999999729 822
999999730 823
999999757 837
999999756 837
999999757 838
999999754 837
999999753 837
999999754 838
999999757 840
999999756 840
999999757 841
999999748 837
999999747 837
999999748 838
999999745 837
999999744 837
999999745 838
999999748 840
999999747 840
999999748 841
999999757 846
999999756 846
999999757 847
999999754 846
999999753 846
999999754 847
999999757 849
999999756 849
999999757 850
1000000000 972
999999999 972
1000000000 973
999999997 972
999999996 972
999999997 973
1000000000 975
999999999 975
1000000000 976
999999991 972
999999990 972
999999991 973
999999988 972
999999987 972
999999988 973
999999991 975
999999990 975
999999991 976
1000000000 981
999999999 981
1000000000 982
999999997 981
999999996 981
999999997 982
1000000000 984
999999999 984
1000000000 985
999999973 972
999999972 972
999999973 973
999999970 972
999999969 972
999999970 973
999999973 975
999999972 975
999999973 976
999999964 972
999999963 972
999999964 973
999999961 972
999999960 972
999999961 973
999999964 975
999999963 975
999999964 976
999999973 981
999999972 981
999999973 982
999999970 981
999999969 981
999999970 982
999999973 984
999999972 984
999999973 985
1000000000 999
999999999 999
1000000000 1000
999999997 999
999999996 999
999999997 1000
1000000000 1002
999999999 1002
1000000000 1003
999999991 999
999999990 999
999999991 1000
999999988 999
999999987 999
999999988 1000
999999991 1002
999999990 1002
999999991 1003
1000000000 1008
999999999 1008
1000000000 1009
999999997 1008
999999996 1008
999999997 1009
1000000000 1011
999999999 1011
1000000000 1012
999999919 972
999999918 972
999999919 973
999999916 972
999999915 972
999999916 973
999999919 975
999999918 975
999999919 976
999999910 972
999999909 972
999999910 973
999999907 972
999999906 972
999999907 973
999999910 975
999999909 975
999999910 976
999999919 981
999999918 981
999999919 982
999999916 981
999999915 981
999999916 982
999999919 984
999999918 984
999999919 985
999999892 972
999999891 972
999999892 973
999999889 972
999999888 972
999999889 973
999999892 975
999999891 975
999999892 976
999999883 972
999999882 972
999999883 973
999999880 972
999999879 972
999999880 973
999999883 975
999999882 975
999999883 976
999999892 981
999999891 981
999999892 982
999999889 981
999999888 981
999999889 982
999999892 984
999999891 984
999999892 985
999999919 999
999999918 999
999999919 1000
999999916 999
999999915 999
999999916 1000
999999919 1002
999999918 1002
999999919 1003
999999910 999
999999909 999
999999910 1000
999999907 999
999999906 999
999999907 1000
999999910 1002
999999909 1002
999999910 1003
999999919 1008
999999918 1008
999999919 1009
999999916 1008
999999915 1008
999999916 1009
999999919 1011
999999918 1011
999999919 1012
1000000000 1053
999999999 1053
1000000000 1054
999999997 1053
999999996 1053
999999997 1054
1000000000 1056
999999999 1056
1000000000 1057
999999991 1053
999999990 1053
999999991 1054
999999988 1053
999999987 1053
999999988 1054
999999991 1056
999999990 1056
999999991 1057
1000000000 1062
999999999 1062
1000000000 1063
999999997 1062
999999996 1062
999999997 1063
1000000000 1065
999999999 1065
1000000000 1066
999999973 1053
999999972 1053
999999973 1054
999999970 1053
999999969 1053
999999970 1054
999999973 1056
999999972 1056
999999973 1057
999999964 1053
999999963 1053
999999964 1054
999999961 1053
999999960 1053
999999961 1054
999999964 1056
999999963 1056
999999964 1057
999999973 1062
999999972 1062
999999973 1063
999999970 1062
999999969 1062
999999970 1063
999999973 1065
999999972 1065
999999973 1066
1000000000 1080
999999999 1080
1000000000 1081
999999997 1080
999999996 1080
999999997 1081
1000000000 1083
999999999 1083
1000000000 1084
999999991 1080
999999990 1080
999999991 1081
999999988 1080
999999987 1080
999999988 1081
999999991 1083
999999990 1083
999999991 1084
1000000000 1089
999999999 1089
1000000000 1090
999999997 1089
999999996 1089
999999997 1090
1000000000 1092
999999999 1092
1000000000 1093
